-64 -100 -81 -100 -100 -87 -79 -100 -83 -100 
-72 -100 -86 -82 -84 -100 -100 -74 -67 -100 
-61 -75 -71 -100 -80 -100 -78 -100 -70 -100 
-60 -100 -83 -100 -100 -100 -100 -80 -68 -81 
-61 -66 -81 -85 -100 -100 -86 -100 -100 -100 
-100 -73 -77 -100 -77 -86 -100 -78 -100 -80 
-61 -73 -100 -86 -82 -81 -75 -72 -72 -100 
-100 -69 -80 -100 -100 -85 -100 -74 -100 -100 
-70 -64 -71 -79 -77 -100 -81 -80 -100 -100 
-59 -72 -77 -80 -80 -100 -100 -77 -67 -100 
-100 -63 -100 -76 -100 -100 -86 -73 -100 -100 
-100 -100 -100 -100 -83 -80 -83 -100 -73 -100 
-58 -69 -81 -80 -100 -100 -100 -72 -69 -77 
-60 -100 -100 -100 -77 -100 -79 -82 -100 -100 
-63 -100 -100 -84 -100 -80 -100 -78 -72 -79 
-63 -75 -100 -84 -79 -100 -83 -74 -69 -83 
-61 -72 -77 -100 -78 -84 -100 -72 -77 -100 
-69 -62 -100 -100 -77 -100 -100 -100 -73 -100 
-61 -67 -100 -79 -77 -82 -100 -100 -82 -100 
-100 -67 -80 -100 -75 -100 -79 -100 -70 -100 
-100 -62 -100 -100 -79 -100 -100 -100 -100 -73 
-68 -100 -72 -77 -100 -100 -78 -100 -100 -73 
-61 -100 -83 -100 -100 -100 -100 -79 -77 -100 
-100 -100 -82 -100 -100 -100 -77 -81 -72 -80 
-62 -62 -100 -82 -78 -100 -100 -74 -72 -83 
-67 -100 -78 -100 -82 -100 -100 -86 -71 -100 
-59 -66 -100 -100 -100 -100 -80 -100 -100 -100 
-100 -79 -100 -100 -100 -100 -85 -100 -71 -100 
-59 -100 -100 -78 -100 -100 -100 -100 -100 -86 
-67 -70 -100 -100 -100 -100 -82 -81 -100 -100 
-62 -100 -78 -100 -78 -88 -77 -100 -100 -100 
-100 -100 -80 -100 -78 -100 -78 -100 -100 -80 
-100 -68 -83 -100 -100 -100 -100 -75 -71 -100 
-63 -71 -87 -100 -80 -100 -76 -100 -73 -85 
-74 -100 -100 -82 -100 -100 -76 -78 -100 -80 
-64 -68 -100 -75 -76 -87 -100 -100 -76 -100 
-62 -100 -100 -100 -84 -100 -100 -100 -80 -78 
-62 -69 -100 -100 -79 -85 -85 -100 -72 -100 
-63 -100 -83 -73 -100 -87 -100 -100 -100 -100 
-62 -100 -100 -100 -82 -90 -100 -77 -78 -100 
-62 -100 -100 -100 -79 -100 -75 -100 -100 -100 
-65 -72 -100 -100 -81 -100 -80 -100 -79 -100 
-64 -100 -86 -100 -100 -89 -81 -100 -100 -100 
-63 -100 -100 -100 -82 -100 -79 -100 -100 -84 
-74 -74 -77 -100 -100 -87 -100 -100 -100 -81 
-100 -76 -81 -100 -100 -86 -100 -83 -78 -100 
-70 -100 -76 -75 -77 -100 -100 -75 -100 -100 
-100 -75 -100 -80 -77 -82 -82 -76 -100 -84 
-59 -100 -78 -84 -79 -100 -84 -78 -77 -91 
-100 -100 -100 -81 -100 -100 -100 -100 -70 -80 
-100 -100 -80 -100 -100 -100 -77 -78 -80 -76 
