-73 -65 -100 -69 -83 -76 -74 -73 -100 -100 
-100 -69 -76 -100 -100 -100 -100 -78 -100 -100 
-100 -70 -100 -74 -86 -100 -100 -100 -100 -74 
-72 -72 -100 -85 -80 -82 -100 -100 -61 -100 
-73 -76 -100 -71 -79 -75 -100 -72 -73 -100 
-68 -68 -100 -100 -85 -100 -100 -76 -69 -64 
-100 -73 -80 -100 -88 -84 -100 -78 -62 -70 
-100 -70 -100 -74 -100 -79 -82 -70 -100 -65 
-100 -67 -100 -100 -81 -79 -100 -100 -63 -100 
-85 -100 -100 -82 -82 -73 -100 -72 -75 -67 
-100 -100 -100 -74 -77 -100 -100 -72 -63 -100 
-78 -100 -100 -100 -100 -100 -100 -100 -73 -68 
-76 -73 -100 -72 -78 -100 -100 -100 -63 -100 
-75 -100 -72 -100 -100 -74 -80 -71 -66 -63 
-75 -72 -74 -77 -100 -80 -79 -69 -70 -83 
-100 -68 -71 -70 -85 -81 -100 -71 -74 -62 
-71 -71 -100 -100 -100 -75 -77 -100 -72 -62 
-100 -71 -78 -72 -100 -100 -100 -100 -67 -71 
-77 -100 -76 -72 -84 -100 -100 -73 -68 -63 
-73 -100 -100 -70 -79 -100 -100 -73 -66 -100 
-70 -100 -100 -73 -100 -73 -68 -71 -70 -62 
-100 -100 -76 -74 -100 -70 -100 -100 -63 -73 
-100 -83 -71 -71 -79 -72 -74 -77 -100 -72 
-100 -100 -75 -69 -100 -78 -70 -100 -72 -100 
-100 -69 -100 -100 -100 -73 -75 -73 -64 -100 
-75 -70 -100 -100 -75 -85 -100 -75 -60 -66 
-100 -70 -100 -100 -81 -100 -100 -76 -61 -75 
-72 -100 -80 -75 -83 -82 -83 -75 -100 -64 
-79 -72 -100 -78 -84 -77 -100 -100 -58 -70 
-100 -100 -71 -100 -88 -100 -100 -73 -56 -100 
-75 -100 -71 -78 -85 -100 -74 -100 -58 -70 
-100 -73 -67 -76 -100 -73 -71 -100 -100 -71 
-73 -69 -83 -72 -100 -74 -100 -72 -61 -70 
-71 -69 -71 -100 -100 -100 -100 -77 -62 -72 
-71 -100 -82 -76 -100 -70 -75 -68 -100 -76 
-100 -65 -100 -100 -82 -73 -81 -74 -63 -75 
-70 -72 -100 -100 -78 -71 -77 -100 -60 -100 
-70 -100 -75 -100 -81 -75 -79 -100 -63 -71 
-100 -77 -81 -71 -100 -77 -100 -65 -58 -73 
-100 -67 -100 -77 -75 -100 -100 -75 -100 -100 
-100 -100 -100 -100 -79 -77 -76 -66 -100 -71 
-100 -84 -100 -82 -100 -100 -78 -100 -69 -100 
-77 -66 -77 -100 -100 -78 -76 -77 -61 -68 
-72 -100 -100 -72 -100 -71 -83 -100 -100 -100 
-100 -68 -73 -71 -100 -80 -100 -73 -71 -100 
-100 -79 -77 -100 -84 -100 -100 -100 -100 -75 
-78 -70 -100 -72 -100 -79 -72 -74 -57 -80 
-78 -100 -100 -75 -100 -100 -100 -100 -57 -67 
-72 -100 -83 -78 -75 -75 -100 -100 -56 -72 
-100 -72 -72 -78 -100 -100 -100 -68 -58 -67 
-100 -72 -100 -75 -84 -75 -100 -82 -63 -71 
