-72 -58 -100 -100 -100 -86 -75 -79 -100 -100 
-75 -59 -100 -100 -83 -82 -72 -100 -81 -100 
-71 -100 -63 -100 -100 -100 -100 -79 -82 -73 
-74 -58 -67 -84 -100 -100 -100 -100 -74 -78 
-67 -100 -66 -82 -100 -84 -82 -78 -100 -100 
-63 -100 -100 -100 -81 -100 -79 -74 -78 -78 
-100 -58 -63 -100 -100 -100 -100 -81 -85 -75 
-100 -57 -66 -75 -78 -100 -100 -100 -100 -100 
-66 -100 -60 -77 -76 -100 -100 -71 -75 -78 
-73 -55 -61 -71 -81 -100 -100 -78 -74 -100 
-100 -56 -100 -100 -100 -100 -100 -100 -75 -100 
-100 -100 -100 -75 -78 -100 -73 -100 -100 -80 
-100 -100 -63 -72 -78 -100 -100 -100 -100 -100 
-100 -100 -61 -100 -74 -100 -72 -100 -100 -100 
-100 -100 -100 -74 -100 -100 -72 -100 -100 -73 
-100 -100 -62 -100 -100 -86 -73 -80 -100 -100 
-69 -61 -63 -81 -100 -83 -76 -78 -74 -80 
-69 -71 -100 -87 -80 -100 -77 -86 -100 -77 
-100 -61 -62 -100 -100 -92 -75 -78 -87 -100 
-100 -62 -100 -72 -80 -100 -100 -80 -100 -100 
-75 -57 -61 -100 -81 -80 -71 -100 -70 -77 
-100 -59 -60 -76 -100 -79 -100 -74 -83 -100 
-74 -61 -61 -100 -100 -82 -100 -100 -100 -100 
-100 -63 -100 -80 -100 -100 -79 -86 -100 -100 
-67 -60 -65 -100 -100 -85 -100 -100 -100 -79 
-68 -58 -100 -77 -100 -100 -100 -100 -76 -76 
-66 -100 -60 -73 -100 -100 -75 -74 -79 -82 
-63 -100 -66 -79 -81 -100 -100 -75 -100 -82 
-61 -60 -100 -100 -100 -77 -73 -78 -100 -76 
-62 -58 -67 -81 -100 -100 -100 -100 -100 -75 
-69 -59 -100 -100 -84 -80 -100 -100 -84 -100 
-62 -64 -63 -78 -83 -100 -100 -100 -74 -100 
-63 -61 -100 -100 -100 -100 -100 -72 -100 -100 
-100 -62 -63 -85 -72 -100 -81 -100 -74 -100 
-62 -56 -100 -74 -80 -100 -100 -79 -100 -100 
-100 -64 -64 -100 -87 -85 -79 -73 -80 -74 
-100 -100 -65 -90 -81 -100 -100 -100 -75 -100 
-64 -100 -62 -100 -80 -100 -100 -100 -76 -80 
-68 -100 -60 -100 -81 -81 -100 -100 -73 -100 
-66 -59 -65 -85 -100 -82 -76 -100 -72 -100 
-100 -59 -67 -100 -100 -100 -100 -80 -73 -100 
-60 -63 -100 -77 -81 -100 -70 -69 -100 -100 
-65 -58 -63 -75 -100 -88 -100 -100 -78 -100 
-100 -71 -100 -100 -83 -100 -87 -100 -80 -75 
-100 -62 -100 -81 -100 -83 -73 -78 -75 -100 
-100 -100 -67 -100 -100 -75 -100 -72 -74 -100 
-100 -100 -78 -100 -100 -100 -74 -75 -78 -81 
-67 -60 -68 -74 -77 -100 -75 -71 -75 -80 
-65 -100 -100 -77 -100 -76 -100 -79 -100 -100 
-75 -100 -62 -100 -76 -74 -75 -100 -74 -100 
-100 -63 -100 -100 -100 -78 -74 -100 -80 -100 
