-69 -100 -100 -71 -76 -100 -100 -100 -100 -100 
-71 -79 -70 -77 -77 -100 -100 -100 -72 -71 
-100 -100 -69 -100 -100 -100 -70 -79 -68 -82 
-100 -73 -68 -77 -85 -77 -100 -79 -100 -78 
-71 -73 -100 -100 -77 -79 -100 -100 -100 -100 
-100 -74 -59 -100 -100 -77 -79 -74 -100 -72 
-100 -100 -100 -76 -80 -100 -77 -100 -71 -82 
-73 -100 -100 -75 -80 -77 -72 -78 -83 -100 
-100 -80 -100 -100 -81 -100 -100 -100 -76 -100 
-76 -100 -100 -100 -79 -77 -70 -100 -79 -70 
-100 -72 -75 -100 -100 -100 -68 -100 -100 -72 
-75 -100 -71 -77 -81 -100 -100 -100 -100 -77 
-68 -100 -65 -100 -78 -82 -79 -80 -100 -71 
-100 -100 -65 -79 -77 -82 -71 -100 -75 -100 
-75 -77 -59 -72 -100 -100 -72 -79 -79 -71 
-100 -100 -61 -100 -81 -100 -100 -88 -79 -100 
-78 -100 -78 -78 -100 -100 -100 -79 -78 -71 
-73 -78 -61 -100 -78 -82 -72 -75 -86 -72 
-100 -80 -67 -73 -73 -80 -73 -73 -74 -100 
-100 -100 -100 -70 -100 -87 -76 -84 -81 -88 
-100 -74 -68 -75 -100 -100 -75 -75 -76 -100 
-100 -100 -71 -72 -81 -100 -100 -75 -100 -79 
-100 -83 -65 -100 -100 -100 -100 -78 -100 -69 
-78 -100 -70 -70 -77 -100 -78 -73 -72 -73 
-75 -73 -64 -100 -100 -87 -100 -76 -100 -100 
-74 -100 -64 -67 -78 -79 -69 -100 -72 -100 
-73 -71 -100 -100 -100 -78 -73 -80 -100 -81 
-79 -83 -64 -70 -85 -77 -100 -100 -100 -77 
-100 -100 -66 -100 -100 -82 -71 -100 -72 -78 
-100 -100 -70 -72 -100 -82 -75 -76 -100 -81 
-78 -100 -100 -76 -100 -100 -100 -78 -76 -81 
-76 -100 -100 -68 -78 -100 -100 -72 -76 -76 
-80 -76 -100 -75 -100 -100 -100 -81 -100 -100 
-83 -100 -64 -72 -100 -100 -100 -70 -100 -100 
-100 -100 -100 -100 -73 -100 -78 -100 -100 -76 
-73 -80 -63 -100 -100 -87 -100 -76 -100 -100 
-100 -100 -71 -72 -84 -100 -100 -71 -100 -100 
-74 -77 -68 -68 -100 -80 -100 -72 -71 -77 
-78 -79 -69 -78 -100 -74 -78 -78 -79 -100 
-77 -100 -100 -74 -78 -100 -80 -100 -100 -72 
-75 -100 -100 -73 -81 -77 -100 -100 -100 -86 
-75 -100 -65 -100 -84 -75 -100 -100 -100 -79 
-77 -100 -100 -100 -100 -100 -73 -74 -72 -82 
-77 -79 -100 -100 -76 -100 -83 -71 -74 -77 
-73 -100 -66 -74 -100 -78 -73 -100 -100 -73 
-82 -100 -61 -73 -100 -81 -72 -100 -100 -79 
-77 -100 -100 -100 -80 -81 -74 -73 -100 -74 
-80 -81 -59 -73 -79 -100 -100 -75 -100 -77 
-85 -100 -100 -75 -85 -74 -70 -100 -79 -78 
-100 -79 -100 -100 -100 -84 -100 -100 -75 -100 
-79 -76 -100 -75 -84 -83 -84 -100 -100 -100 
