-100 -76 -77 -58 -71 -70 -100 -75 -100 -100 
-100 -100 -100 -56 -73 -100 -100 -74 -100 -100 
-100 -74 -78 -57 -100 -100 -100 -87 -100 -85 
-100 -100 -76 -100 -100 -75 -75 -78 -100 -100 
-85 -80 -84 -57 -70 -100 -100 -73 -100 -100 
-100 -86 -75 -100 -75 -100 -100 -79 -100 -100 
-100 -100 -81 -59 -70 -75 -100 -100 -100 -100 
-79 -100 -100 -60 -70 -72 -100 -81 -100 -75 
-78 -100 -80 -59 -100 -77 -83 -100 -76 -77 
-77 -85 -100 -57 -100 -81 -80 -83 -80 -100 
-100 -100 -82 -56 -100 -70 -72 -82 -100 -100 
-78 -91 -85 -65 -70 -100 -100 -74 -71 -83 
-80 -100 -85 -55 -76 -100 -83 -100 -74 -77 
-100 -81 -100 -58 -71 -100 -75 -73 -75 -100 
-80 -100 -86 -100 -71 -75 -78 -100 -100 -100 
-81 -83 -76 -57 -72 -71 -100 -78 -76 -100 
-100 -100 -76 -57 -100 -72 -100 -73 -77 -78 
-75 -83 -100 -57 -72 -100 -100 -80 -75 -79 
-100 -85 -100 -56 -100 -100 -73 -76 -72 -100 
-100 -100 -100 -54 -100 -81 -100 -78 -100 -79 
-100 -100 -100 -55 -72 -100 -79 -78 -85 -93 
-80 -100 -81 -100 -70 -100 -100 -82 -73 -79 
-79 -100 -100 -61 -71 -100 -78 -83 -79 -78 
-87 -80 -76 -100 -71 -100 -100 -80 -76 -79 
-76 -89 -81 -100 -69 -70 -88 -83 -100 -100 
-100 -100 -80 -56 -100 -73 -100 -79 -75 -76 
-100 -100 -86 -59 -100 -100 -80 -87 -74 -100 
-100 -100 -87 -57 -69 -81 -82 -79 -73 -88 
-100 -83 -76 -100 -100 -77 -100 -100 -74 -100 
-100 -85 -75 -56 -100 -100 -75 -77 -74 -100 
-100 -100 -79 -54 -100 -100 -72 -100 -100 -82 
-75 -100 -100 -61 -100 -100 -82 -72 -100 -100 
-75 -100 -100 -100 -100 -100 -78 -78 -100 -82 
-81 -82 -100 -100 -70 -79 -81 -76 -72 -83 
-100 -80 -100 -57 -100 -84 -81 -82 -74 -100 
-80 -100 -79 -100 -100 -100 -76 -75 -74 -79 
-86 -100 -100 -100 -100 -100 -81 -77 -100 -100 
-100 -100 -83 -100 -100 -73 -100 -84 -100 -76 
-73 -82 -83 -59 -64 -75 -100 -78 -80 -81 
-74 -85 -77 -55 -100 -77 -77 -77 -100 -100 
-100 -82 -82 -55 -100 -100 -82 -77 -74 -85 
-100 -81 -76 -100 -71 -75 -84 -77 -73 -100 
-100 -85 -100 -56 -69 -100 -78 -75 -100 -85 
-78 -89 -77 -55 -66 -77 -82 -78 -73 -100 
-100 -100 -100 -100 -68 -74 -100 -81 -100 -100 
-81 -100 -100 -55 -70 -100 -77 -100 -100 -100 
-100 -100 -100 -55 -68 -100 -81 -86 -100 -100 
-77 -100 -100 -54 -71 -100 -100 -100 -100 -100 
-80 -83 -100 -56 -65 -69 -100 -100 -73 -77 
-77 -91 -76 -52 -72 -75 -100 -77 -73 -77 
-83 -100 -78 -100 -100 -100 -75 -84 -100 -100 
