-78 -86 -100 -74 -100 -74 -100 -78 -100 -73 
-100 -91 -85 -79 -100 -79 -80 -88 -80 -100 
-100 -100 -100 -100 -60 -100 -100 -79 -100 -100 
-100 -87 -100 -71 -72 -100 -83 -100 -100 -100 
-100 -100 -100 -76 -100 -72 -75 -100 -100 -75 
-84 -100 -89 -100 -70 -100 -100 -80 -85 -77 
-100 -100 -85 -100 -61 -100 -77 -81 -100 -100 
-81 -100 -100 -100 -100 -78 -79 -100 -100 -80 
-82 -100 -100 -100 -100 -100 -77 -100 -82 -100 
-84 -100 -85 -76 -60 -100 -82 -100 -75 -100 
-81 -85 -100 -76 -68 -100 -100 -100 -84 -100 
-100 -100 -81 -84 -100 -100 -100 -100 -100 -100 
-100 -100 -100 -76 -100 -100 -74 -100 -100 -77 
-100 -100 -100 -100 -100 -76 -72 -84 -80 -100 
-100 -100 -100 -100 -100 -80 -100 -100 -100 -100 
-100 -100 -100 -100 -100 -100 -100 -100 -90 -100 
-100 -83 -100 -81 -100 -100 -100 -100 -80 -85 
-84 -86 -100 -100 -61 -100 -88 -100 -100 -100 
-100 -100 -85 -87 -70 -74 -78 -77 -79 -100 
-100 -100 -84 -100 -100 -100 -73 -77 -100 -100 
-100 -100 -87 -81 -70 -74 -79 -100 -100 -78 
-76 -100 -100 -100 -100 -100 -100 -100 -78 -100 
-100 -100 -83 -77 -73 -100 -77 -100 -100 -78 
-80 -100 -81 -78 -65 -100 -73 -81 -82 -84 
-85 -100 -100 -100 -72 -100 -76 -83 -86 -85 
-82 -89 -88 -100 -100 -100 -100 -100 -84 -71 
-100 -100 -100 -74 -63 -77 -100 -100 -100 -100 
-100 -100 -100 -85 -67 -100 -82 -100 -80 -78 
-100 -100 -100 -79 -100 -75 -100 -100 -100 -79 
-100 -100 -100 -100 -68 -81 -72 -87 -100 -100 
-78 -100 -100 -73 -63 -100 -100 -100 -100 -100 
-100 -100 -100 -77 -64 -100 -100 -100 -79 -100 
-100 -86 -100 -72 -79 -100 -100 -100 -100 -100 
-100 -100 -82 -100 -63 -74 -100 -100 -100 -100 
-100 -100 -100 -74 -62 -73 -83 -79 -100 -100 
-82 -100 -100 -100 -71 -100 -100 -100 -100 -72 
-100 -100 -100 -79 -100 -100 -73 -100 -82 -79 
-100 -100 -100 -75 -100 -74 -100 -100 -100 -77 
-100 -100 -100 -100 -100 -100 -75 -100 -100 -78 
-100 -100 -100 -76 -100 -100 -78 -82 -100 -79 
-100 -100 -86 -79 -72 -78 -100 -83 -100 -100 
-100 -100 -100 -74 -100 -73 -78 -100 -100 -100 
-84 -100 -100 -76 -67 -69 -100 -100 -100 -79 
-100 -100 -100 -100 -60 -100 -100 -100 -75 -75 
-100 -100 -100 -78 -100 -73 -100 -80 -78 -100 
-85 -100 -89 -100 -60 -100 -75 -85 -100 -100 
-86 -100 -100 -75 -70 -82 -86 -100 -100 -84 
-100 -100 -100 -77 -61 -75 -100 -100 -81 -79 
-100 -100 -100 -100 -100 -100 -75 -100 -81 -100 
-83 -100 -100 -100 -59 -100 -100 -100 -100 -100 
-83 -100 -100 -100 -67 -100 -100 -100 -100 -100 
