-100 -100 -100 -84 -73 -65 -100 -79 -100 -80 
-100 -78 -100 -100 -100 -68 -71 -100 -75 -100 
-100 -100 -100 -71 -100 -100 -100 -86 -100 -78 
-100 -100 -83 -80 -69 -100 -100 -88 -86 -78 
-100 -100 -80 -100 -69 -100 -100 -100 -83 -100 
-77 -100 -100 -100 -76 -100 -100 -100 -100 -100 
-90 -100 -100 -83 -100 -100 -77 -82 -100 -100 
-80 -100 -83 -79 -73 -64 -100 -100 -89 -100 
-100 -100 -87 -77 -100 -100 -100 -100 -86 -100 
-84 -100 -100 -100 -100 -100 -100 -100 -100 -100 
-100 -100 -100 -100 -100 -69 -100 -100 -82 -100 
-100 -100 -100 -100 -78 -72 -100 -100 -80 -81 
-79 -100 -81 -77 -100 -100 -84 -100 -100 -100 
-100 -100 -100 -78 -72 -68 -100 -100 -100 -100 
-100 -87 -100 -100 -70 -67 -86 -100 -83 -76 
-100 -84 -100 -77 -100 -100 -100 -87 -100 -100 
-100 -79 -100 -80 -75 -100 -100 -82 -100 -84 
-100 -100 -100 -78 -100 -66 -81 -100 -78 -87 
-84 -100 -79 -100 -71 -62 -100 -85 -100 -75 
-85 -100 -100 -75 -100 -63 -100 -100 -83 -100 
-100 -100 -100 -100 -72 -100 -76 -100 -100 -100 
-100 -85 -100 -100 -81 -66 -84 -100 -79 -81 
-80 -100 -100 -100 -76 -100 -100 -100 -82 -100 
-100 -100 -100 -100 -73 -100 -100 -100 -100 -80 
-79 -100 -100 -100 -68 -100 -85 -100 -100 -100 
-100 -84 -100 -82 -74 -100 -100 -100 -88 -77 
-79 -88 -100 -100 -72 -64 -100 -82 -100 -85 
-88 -84 -100 -79 -73 -69 -100 -88 -100 -100 
-85 -100 -100 -79 -71 -63 -100 -100 -82 -100 
-86 -100 -86 -78 -73 -74 -79 -100 -100 -100 
-100 -100 -100 -83 -72 -65 -100 -100 -100 -100 
-82 -100 -89 -76 -76 -55 -100 -100 -89 -100 
-100 -100 -81 -100 -100 -100 -100 -100 -100 -100 
-85 -100 -83 -82 -77 -57 -100 -100 -100 -89 
-100 -100 -81 -100 -72 -56 -100 -100 -100 -100 
-100 -100 -100 -75 -80 -100 -87 -100 -91 -80 
-87 -100 -100 -78 -77 -54 -78 -87 -100 -100 
-100 -100 -100 -76 -100 -55 -78 -100 -100 -100 
-100 -100 -81 -100 -81 -100 -100 -84 -100 -100 
-100 -100 -100 -100 -72 -55 -87 -100 -100 -100 
-100 -100 -100 -100 -100 -55 -100 -100 -100 -100 
-83 -100 -100 -80 -100 -53 -100 -100 -86 -79 
-100 -100 -100 -73 -76 -54 -79 -100 -100 -100 
-100 -100 -100 -85 -100 -54 -100 -100 -100 -100 
-100 -100 -80 -74 -72 -53 -83 -84 -100 -100 
-79 -100 -87 -79 -100 -100 -78 -100 -100 -100 
-100 -82 -77 -76 -100 -56 -79 -100 -100 -100 
-100 -82 -100 -100 -79 -55 -100 -86 -100 -88 
-100 -83 -77 -100 -73 -100 -100 -100 -100 -85 
-100 -100 -100 -100 -72 -54 -100 -100 -100 -100 
-100 -100 -84 -100 -76 -53 -81 -100 -100 -81 
