-79 -100 -77 -100 -84 -66 -84 -85 -100 -100 
-73 -100 -100 -100 -81 -69 -100 -100 -90 -82 
-82 -82 -100 -100 -74 -62 -69 -83 -86 -100 
-84 -100 -100 -68 -72 -69 -66 -83 -80 -100 
-100 -100 -100 -63 -83 -100 -100 -100 -100 -85 
-100 -100 -100 -68 -84 -66 -66 -100 -100 -85 
-86 -100 -78 -69 -100 -72 -65 -100 -100 -100 
-77 -100 -81 -71 -81 -72 -76 -100 -84 -87 
-77 -78 -79 -69 -76 -70 -70 -87 -78 -100 
-76 -80 -84 -77 -100 -100 -71 -100 -78 -100 
-83 -100 -77 -100 -100 -100 -70 -100 -100 -100 
-74 -100 -100 -77 -85 -72 -76 -83 -100 -100 
-82 -88 -100 -73 -100 -75 -67 -84 -83 -86 
-82 -100 -100 -100 -100 -71 -69 -76 -78 -79 
-100 -87 -93 -66 -79 -61 -70 -83 -100 -100 
-84 -100 -86 -77 -76 -100 -100 -100 -100 -100 
-100 -100 -100 -67 -100 -100 -100 -79 -78 -100 
-100 -100 -100 -100 -72 -100 -68 -84 -79 -100 
-100 -100 -100 -100 -100 -67 -64 -100 -76 -88 
-84 -100 -85 -100 -100 -62 -68 -77 -100 -100 
-86 -80 -81 -100 -73 -68 -100 -100 -100 -83 
-100 -100 -85 -80 -76 -100 -70 -86 -83 -84 
-100 -100 -82 -69 -82 -100 -63 -100 -100 -100 
-100 -100 -82 -69 -70 -100 -66 -84 -85 -100 
-83 -100 -83 -100 -71 -69 -67 -100 -100 -100 
-100 -87 -100 -100 -68 -66 -78 -100 -79 -76 
-83 -100 -84 -72 -75 -66 -67 -76 -100 -77 
-100 -100 -86 -72 -100 -66 -100 -100 -79 -100 
-100 -100 -85 -70 -78 -100 -67 -100 -78 -72 
-85 -84 -80 -71 -76 -67 -64 -79 -82 -100 
-100 -83 -81 -84 -79 -66 -68 -100 -100 -85 
-100 -100 -87 -67 -78 -70 -67 -82 -73 -75 
-100 -100 -82 -71 -82 -66 -100 -85 -79 -77 
-83 -87 -82 -71 -73 -100 -65 -90 -75 -76 
-80 -100 -79 -100 -100 -63 -70 -100 -100 -80 
-100 -100 -100 -75 -73 -58 -100 -100 -76 -100 
-79 -100 -82 -100 -100 -75 -61 -76 -100 -100 
-77 -75 -78 -65 -75 -72 -63 -77 -81 -79 
-72 -81 -85 -70 -68 -68 -63 -78 -100 -80 
-74 -75 -100 -100 -78 -75 -100 -71 -68 -100 
-80 -100 -100 -60 -72 -100 -100 -73 -100 -100 
-77 -100 -100 -62 -100 -79 -63 -88 -72 -88 
-100 -84 -86 -68 -71 -71 -100 -70 -100 -78 
-100 -84 -82 -65 -66 -80 -64 -100 -76 -75 
-88 -100 -100 -100 -75 -100 -100 -100 -73 -100 
-100 -81 -81 -73 -85 -78 -100 -100 -100 -83 
-100 -100 -79 -73 -70 -81 -65 -84 -71 -70 
-100 -100 -77 -100 -100 -100 -75 -74 -77 -80 
-100 -82 -80 -100 -100 -75 -72 -82 -100 -100 
-100 -78 -100 -100 -100 -100 -65 -100 -100 -100 
-85 -100 -100 -100 -73 -71 -62 -72 -100 -100 
