-81 -100 -84 -74 -100 -100 -60 -75 -69 -100 
-78 -100 -100 -69 -67 -100 -56 -72 -100 -100 
-79 -87 -78 -100 -100 -70 -100 -73 -81 -100 
-100 -76 -76 -72 -79 -69 -59 -77 -68 -100 
-81 -100 -100 -75 -73 -100 -58 -71 -100 -100 
-82 -100 -84 -100 -78 -71 -100 -73 -74 -85 
-70 -71 -100 -100 -72 -100 -69 -100 -83 -100 
-100 -100 -100 -71 -77 -100 -100 -70 -100 -100 
-100 -100 -100 -75 -64 -100 -100 -73 -100 -100 
-78 -100 -72 -100 -100 -100 -64 -74 -100 -100 
-77 -81 -100 -100 -100 -100 -100 -72 -70 -90 
-83 -77 -100 -72 -83 -69 -64 -79 -78 -100 
-100 -81 -86 -100 -75 -70 -100 -72 -74 -100 
-100 -100 -71 -100 -77 -100 -100 -100 -85 -100 
-100 -78 -100 -76 -100 -100 -73 -100 -79 -100 
-100 -78 -81 -72 -68 -100 -100 -100 -71 -100 
-85 -83 -100 -100 -78 -73 -67 -73 -100 -100 
-75 -80 -100 -72 -100 -78 -58 -100 -81 -100 
-83 -85 -85 -100 -100 -100 -62 -71 -78 -81 
-100 -100 -83 -77 -100 -69 -100 -100 -73 -100 
-82 -100 -81 -100 -100 -71 -61 -77 -100 -100 
-79 -83 -100 -100 -76 -100 -61 -80 -71 -100 
-77 -100 -76 -100 -72 -70 -58 -81 -88 -100 
-81 -77 -100 -75 -66 -72 -59 -100 -74 -100 
-72 -100 -79 -70 -71 -72 -100 -76 -76 -100 
-100 -100 -79 -100 -70 -100 -100 -100 -100 -100 
-100 -83 -78 -100 -100 -100 -58 -76 -83 -84 
-100 -83 -100 -100 -100 -72 -100 -69 -100 -100 
-100 -100 -100 -69 -73 -100 -57 -71 -82 -100 
-74 -80 -100 -70 -75 -100 -60 -81 -72 -100 
-100 -73 -71 -100 -100 -72 -59 -100 -100 -100 
-100 -80 -80 -100 -77 -72 -100 -72 -79 -87 
-75 -89 -75 -72 -74 -66 -57 -100 -100 -100 
-100 -100 -100 -77 -100 -68 -100 -73 -79 -86 
-89 -100 -100 -77 -77 -65 -60 -100 -76 -83 
-100 -100 -76 -74 -70 -100 -64 -100 -80 -81 
-75 -86 -71 -100 -70 -69 -100 -100 -80 -100 
-100 -100 -100 -100 -100 -100 -60 -100 -80 -88 
-79 -100 -100 -100 -100 -100 -65 -100 -72 -100 
-84 -100 -79 -71 -100 -70 -100 -76 -82 -100 
-73 -100 -83 -68 -80 -100 -60 -100 -100 -87 
-100 -85 -100 -78 -78 -74 -100 -72 -81 -83 
-78 -100 -100 -76 -84 -73 -59 -75 -100 -100 
-81 -100 -100 -100 -79 -71 -67 -73 -80 -82 
-73 -100 -100 -69 -78 -100 -70 -100 -78 -100 
-77 -86 -78 -74 -100 -82 -65 -83 -100 -72 
-72 -100 -72 -71 -100 -71 -64 -69 -81 -82 
-76 -78 -100 -73 -74 -74 -62 -70 -100 -100 
-100 -81 -100 -73 -76 -100 -65 -74 -77 -81 
-82 -89 -75 -100 -75 -71 -100 -100 -100 -76 
-77 -80 -76 -72 -76 -87 -100 -100 -75 -100 
