-75 -69 -100 -74 -78 -77 -72 -100 -68 -66 
-75 -87 -71 -73 -100 -100 -69 -73 -100 -69 
-75 -71 -100 -74 -87 -72 -100 -100 -100 -71 
-73 -77 -100 -100 -100 -74 -63 -72 -100 -82 
-68 -100 -100 -80 -75 -79 -100 -66 -77 -71 
-72 -72 -79 -100 -80 -74 -63 -68 -72 -74 
-100 -100 -81 -100 -100 -74 -64 -76 -69 -100 
-100 -83 -100 -100 -100 -83 -64 -100 -100 -76 
-100 -79 -75 -78 -100 -100 -100 -68 -100 -100 
-100 -100 -100 -79 -100 -81 -100 -100 -72 -100 
-79 -100 -73 -82 -100 -77 -64 -68 -100 -100 
-83 -100 -77 -100 -100 -100 -100 -65 -72 -80 
-75 -75 -100 -100 -100 -86 -68 -76 -72 -100 
-81 -78 -100 -100 -100 -83 -69 -76 -68 -100 
-70 -74 -76 -100 -100 -74 -65 -77 -71 -75 
-86 -75 -71 -71 -100 -100 -65 -73 -71 -100 
-77 -100 -74 -74 -100 -71 -100 -69 -78 -77 
-100 -79 -82 -72 -100 -100 -65 -77 -73 -76 
-100 -100 -74 -71 -73 -82 -67 -66 -100 -100 
-100 -100 -80 -100 -100 -82 -100 -66 -77 -85 
-72 -100 -83 -72 -100 -81 -65 -68 -70 -74 
-100 -85 -100 -100 -77 -86 -64 -73 -76 -80 
-85 -100 -100 -78 -100 -84 -64 -73 -73 -100 
-100 -73 -80 -86 -100 -73 -100 -71 -100 -74 
-77 -100 -77 -77 -100 -78 -68 -74 -100 -70 
-100 -69 -75 -69 -83 -85 -69 -70 -81 -100 
-72 -78 -76 -72 -100 -76 -68 -100 -73 -75 
-78 -77 -100 -100 -100 -100 -100 -72 -71 -100 
-74 -75 -100 -100 -85 -82 -67 -69 -100 -76 
-100 -76 -73 -100 -100 -100 -100 -70 -78 -100 
-78 -72 -73 -73 -100 -100 -67 -68 -77 -100 
-74 -73 -100 -77 -100 -76 -100 -100 -74 -72 
-71 -100 -76 -73 -74 -76 -64 -100 -100 -100 
-77 -73 -77 -100 -100 -100 -100 -100 -79 -74 
-85 -100 -72 -100 -100 -100 -63 -80 -70 -71 
-82 -71 -86 -85 -100 -100 -66 -69 -100 -79 
-78 -100 -73 -80 -100 -100 -65 -68 -72 -100 
-74 -100 -83 -81 -100 -100 -67 -67 -100 -100 
-78 -81 -83 -80 -77 -75 -63 -100 -74 -100 
-100 -100 -73 -81 -100 -75 -68 -77 -73 -100 
-69 -100 -72 -100 -73 -76 -65 -74 -81 -100 
-79 -82 -100 -100 -83 -72 -64 -100 -79 -100 
-100 -100 -100 -75 -100 -77 -69 -100 -100 -76 
-100 -86 -100 -77 -85 -81 -64 -78 -100 -100 
-100 -100 -100 -87 -77 -82 -100 -69 -72 -76 
-74 -76 -100 -78 -79 -78 -100 -100 -75 -71 
-70 -73 -75 -100 -78 -100 -64 -69 -100 -100 
-79 -74 -81 -77 -76 -78 -75 -67 -72 -100 
-83 -72 -70 -80 -100 -100 -68 -72 -100 -79 
-86 -70 -77 -100 -100 -80 -70 -69 -100 -100 
-82 -100 -75 -100 -100 -85 -73 -78 -72 -75 
