  0.   0. -73.   0.   0.   0.   0.   0.   0.   0.

-73. -71. -80.   0.   0. -89.   0.   0.   0.   0.

-72. -57. -71.   0.   0.   0.   0.   0.   0.   0.

-55. -70. -84.   0.   0.   0.   0.   0.   0.   0.

-63. -48.   0.   0.   0.   0.   0.   0.   0.   0.

-74. -66. -72. -92.   0.   0.   0.   0.   0.   0.

-80. -73. -83.   0.   0.   0.   0.   0.   0.   0.

-89. -61. -79. -94.   0.   0.   0.   0.   0.   0.

-71.   0. -82. -92.   0.   0.   0.   0.   0.   0.

-81. -68. -76. -83.   0.   0.   0.   0.   0.   0.

-87. -49. -76.   0.   0.   0.   0.   0.   0.   0.

-73. -58. -71. -71. -97.   0.   0.   0.   0.   0.

  0. -65. -78. -82.   0.   0.   0.   0.   0.   0.

-57. -65.   0.   0.   0.   0.   0.   0.   0.   0.

  0. -54.   0. -83.   0.   0.   0.   0.   0.   0.

-83. -72. -75.   0. -81.   0.   0.   0.   0.   0.

-72. -73. -60. -74.   0.   0.   0.   0.   0.   0.

-67. -72.   0. -78. -91.   0.   0.   0.   0.   0.

-82.   0. -67. -81.   0.   0.   0.   0.   0.   0.

-80. -62. -79. -99.   0.   0.   0.   0.   0.   0.

  0. -48.   0. -91.   0.   0.   0.   0.   0.   0.

-81.   0. -68. -95.   0.   0.   0.   0.   0.   0.

-85.   0. -80.   0.   0.   0.   0.   0.   0.   0.

-74. -50. -77.   0.   0.   0.   0.   0.   0.   0.

-80.   0. -78.   0.   0.   0.   0.   0.   0.   0.

-83.   0. -70.   0.   0.   0.   0.   0.   0.   0.

-65. -48.   0.   0.   0.   0.   0.   0.   0.   0.

  0.   0. -59. -80.   0. -86.   0.   0.   0.   0.

-78. -70. -75. -82.   0.   0.   0.   0.   0.   0.

-76.   0. -63. -91.   0.   0.   0.   0.   0.   0.

   0.  -68.  -84.    0. -100.  -97.    0.    0.    0.    0.

  0. -55.   0.   0.   0.   0.   0.   0.   0.   0.

-82. -73. -85. -96.   0. -83.   0.   0.   0.   0.

  0. -71. -67. -93. -80.   0.   0.   0.   0.   0.

  0. -83.   0.   0.   0.   0.   0.   0.   0.   0.

-80. -62. -81.   0.   0.   0.   0.   0.   0.   0.

-79.   0. -78.   0.   0.   0.   0.   0.   0.   0.

-69. -57.   0.   0.   0.   0.   0.   0.   0.   0.

  0.   0.   0.   0. -81.   0.   0.   0.   0.   0.

-82. -63. -69. -95.   0.   0.   0.   0.   0.   0.

  0. -72. -65.   0. -81.   0.   0.   0.   0.   0.

-77. -55. -83. -85.   0.   0.   0.   0.   0.   0.

-74. -71. -74. -92. -96.   0.   0.   0.   0.   0.

  0. -52.   0. -89.   0.   0.   0.   0.   0.   0.

-78. -71.   0.   0. -94.   0.   0.   0.   0.   0.

-82. -83.   0.   0.   0.   0.   0.   0.   0.   0.

-70. -73.   0.   0.   0.   0.   0.   0.   0.   0.

-65. -47.   0. -89.   0.   0.   0.   0.   0.   0.

-67. -61. -84. -94.   0.   0.   0.   0.   0.   0.

  0. -53.   0.   0.   0.   0.   0.   0.   0.   0.

-74. -52. -80. -85.   0.   0.   0.   0.   0.   0.

-65. -68. -84.   0.   0.   0.   0.   0.   0.   0.

-76. -67.   0. -97.   0.   0.   0.   0.   0.   0.

  0. -67. -62.   0.   0.   0.   0.   0.   0.   0.

-59. -70.   0. -80.   0.   0.   0.   0.   0.   0.

-58.   0. -67.   0.   0.   0.   0.   0.   0.   0.

-71. -47.   0. -93.   0.   0.   0.   0.   0.   0.

-74. -50. -89.   0.   0.   0.   0.   0.   0.   0.

-63. -68.   0.   0.   0.   0.   0.   0.   0.   0.

-78.   0. -83. -80.   0.   0.   0.   0.   0.   0.

-60. -72. -72.   0.   0.   0.   0.   0.   0.   0.

-60. -67. -71. -81. -97.   0.   0.   0.   0.   0.

-82. -67. -72. -93.   0.   0.   0.   0.   0.   0.

-81. -57. -86.   0.   0.   0.   0.   0.   0.   0.

-75. -71. -66. -78.   0.   0.   0.   0.   0.   0.

-62. -55.   0. -91.   0.   0.   0.   0.   0.   0.

-77. -49. -63.   0.   0.   0.   0.   0.   0.   0.

  0. -51. -62. -77.   0.   0.   0.   0.   0.   0.

  0. -70. -79.   0.   0.   0.   0.   0.   0.   0.

  0. -57.   0. -95.   0.   0.   0.   0.   0.   0.

-77.   0. -83. -91.   0.   0.   0.   0.   0.   0.

 -76.    0.  -80.    0. -100.    0.    0.    0.    0.    0.

-80. -59. -72. -75.   0.   0.   0.   0.   0.   0.

-82. -68.   0.   0.   0.   0.   0.   0.   0.   0.

  0. -77. -81. -90. -88.   0.   0.   0.   0.   0.

  0. -57. -65.   0.   0.   0.   0.   0.   0.   0.

-83. -67. -83. -77.   0.   0.   0.   0.   0.   0.

  0. -82.   0. -97.   0.   0.   0.   0.   0.   0.

-66. -60.   0.   0.   0.   0.   0.   0.   0.   0.

  0. -62. -73.   0.   0.   0.   0.   0.   0.   0.

-92. -82. -68.   0.   0.   0.   0.   0.   0.   0.

  0.   0. -64. -95.   0.   0.   0.   0.   0.   0.

-78. -82.   0.   0.   0.   0.   0.   0.   0.   0.

 -67.  -67.    0.  -94. -101.    0.    0.    0.    0.    0.

 -62.  -79.    0. -101.    0.    0.    0.    0.    0.    0.

-77.   0.   0. -93.   0.   0.   0.   0.   0.   0.

-68. -78. -89.   0.   0.   0.   0.   0.   0.   0.

-74.   0.   0.   0.   0.   0.   0.   0.   0.   0.

-63. -60. -81.   0.   0.   0.   0.   0.   0.   0.

-61. -68.   0.   0.   0.   0.   0.   0.   0.   0.

-70. -55.   0. -99.   0.   0.   0.   0.   0.   0.

  0. -49. -96.   0.   0.   0.   0.   0.   0.   0.

-60. -70. -79.   0.   0.   0.   0.   0.   0.   0.

  0. -51.   0.   0.   0.   0.   0.   0.   0.   0.

-79. -71. -85.   0.   0.   0.   0.   0.   0.   0.

-76. -52. -87.   0.   0.   0.   0.   0.   0.   0.

-76. -53.   0.   0.   0.   0.   0.   0.   0.   0.

-83. -51. -91. -86.   0.   0.   0.   0.   0.   0.

-76. -55. -89.   0.   0.   0.   0.   0.   0.   0.

-67. -72. -82. -79.   0.   0.   0.   0.   0.   0.

  0. -55. -91.   0.   0.   0.   0.   0.   0.   0.

-78. -61.   0.   0.   0.   0.   0.   0.   0.   0.

-75. -73. -81.   0.   0.   0.   0.   0.   0.   0.

-60. -81. -89.   0.   0.   0.   0.   0.   0.   0.

-76. -58. -80.   0.   0.   0.   0.   0.   0.   0.

-77.   0.   0.   0.   0.   0.   0.   0.   0.   0.

-73. -54. -91.   0.   0.   0.   0.   0.   0.   0.

  0. -73. -81.   0.   0.   0.   0.   0.   0.   0.

-62. -67.   0. -96.   0.   0.   0.   0.   0.   0.

  0. -68. -83.   0.   0.   0.   0.   0.   0.   0.

-59. -76. -78.   0.   0.   0.   0.   0.   0.   0.

-75.   0. -91.   0.   0.   0.   0.   0.   0.   0.

-78. -79. -80.   0.   0.   0.   0.   0.   0.   0.

-77. -77. -77.   0.   0.   0.   0.   0.   0.   0.

-76.   0. -88. -86.   0.   0.   0.   0.   0.   0.

-74. -52.   0.   0.   0.   0.   0.   0.   0.   0.

  0. -61.   0.   0.   0.   0.   0.   0.   0.   0.

-75. -77.   0.   0.   0.   0.   0.   0.   0.   0.

-57. -74. -81.   0.   0.   0.   0.   0.   0.   0.

-55. -81. -71.   0.   0.   0.   0.   0.   0.   0.

-57. -62. -82.   0.   0.   0.   0.   0.   0.   0.

-75. -53. -88.   0.   0.   0.   0.   0.   0.   0.

  0. -55. -87.   0.   0.   0.   0.   0.   0.   0.

-58. -56. -85.   0.   0.   0.   0.   0.   0.   0.

-75. -54.   0.   0.   0.   0.   0.   0.   0.   0.

-75. -56. -88.   0.   0.   0.   0.   0.   0.   0.

-74. -73.   0.   0.   0.   0.   0.   0.   0.   0.

-74. -74.   0.   0.   0.   0.   0.   0.   0.   0.

  0. -71.   0.   0.   0.   0.   0.   0.   0.   0.

-58. -57. -88.   0.   0.   0.   0.   0.   0.   0.

-60. -52.   0.   0.   0.   0.   0.   0.   0.   0.

-61.   0. -87.   0.   0.   0.   0.   0.   0.   0.

-61. -67.   0.   0.   0.   0.   0.   0.   0.   0.

-61. -51.   0.   0.   0.   0.   0.   0.   0.   0.

-83. -70. -67.   0.   0.   0.   0.   0.   0.   0.

-79. -56. -63.   0. -82.   0.   0.   0.   0.   0.

-72. -65. -88.   0.   0.   0.   0.   0.   0.   0.

  0. -69. -77.   0.   0.   0.   0.   0.   0.   0.

