-55.   0.   0.   0. -87.   0.   0. -95.   0.   0.

-53.   0.   0. -86.   0.   0.   0. -83.   0.   0.

-71. -56. -59.   0.   0.   0.   0.   0.   0.   0.

-56. -62. -77. -85.   0.   0.   0.   0.   0.   0.

-58.   0.   0.   0.   0.   0.   0.   0.   0.   0.

-49. -62. -60. -88. -80.   0.   0.   0.   0.   0.

-70.   0. -64. -89. -79.   0.   0.   0.   0.   0.

-91. -63. -79.   0.   0.   0.   0.   0.   0.   0.

-82. -79. -81.   0.   0.   0.   0.   0.   0.   0.

-70. -84. -72.   0. -74.   0.   0.   0.   0.   0.

  0. -56.   0. -81.   0.   0.   0.   0.   0.   0.

-72. -72.   0. -84.   0.   0.   0.   0.   0.   0.

-72. -68. -67. -70. -69.   0.   0.   0.   0.   0.

  0. -61. -72.   0.   0.   0.   0.   0.   0.   0.

-77. -84. -56. -86. -95.   0.   0.   0.   0.   0.

-76. -62. -91. -77.   0.   0.   0.   0.   0.   0.

  0. -79. -64. -85. -90.   0.   0.   0.   0.   0.

-76. -74.   0.   0.   0.   0.   0.   0.   0.   0.

  0. -57.   0.   0.   0.   0.   0.   0.   0.   0.

  0. -86. -80.   0.   0.   0.   0.   0.   0.   0.

-58. -72. -71. -82.   0.   0.   0.   0.   0.   0.

-57. -72.   0. -89.   0.   0.   0.   0.   0.   0.

  0. -54. -61. -91.   0.   0.   0.   0.   0.   0.

-57.   0. -66. -80.   0.   0.   0.   0.   0.   0.

-76. -74. -85. -90.   0.   0.   0.   0.   0.   0.

-61.   0.   0. -92.   0.   0.   0.   0.   0.   0.

-51. -73. -83. -78.   0.   0.   0.   0.   0.   0.

-69. -68.   0.   0. -96.   0.   0.   0.   0.   0.

-54. -61.   0. -95. -83.   0.   0.   0.   0.   0.

-71. -70. -68.   0. -85.   0.   0.   0.   0.   0.

-57.   0. -80.   0.   0.   0.   0.   0.   0.   0.

-75. -54. -63. -88. -83.   0.   0.   0.   0.   0.

-57. -70. -77.   0.   0.   0.   0.   0.   0.   0.

-70. -53. -74. -69.   0.   0.   0.   0.   0.   0.

-51.   0. -68.   0.   0.   0.   0.   0.   0.   0.

  0. -53. -63. -72.   0.   0.   0.   0.   0.   0.

-69. -73. -78. -84.   0.   0.   0.   0.   0.   0.

  0.   0.   0.   0. -81.   0.   0.   0.   0.   0.

  0. -72. -76.   0. -79.   0.   0.   0.   0.   0.

-84. -58. -58. -72.   0.   0.   0.   0.   0.   0.

-85. -59. -70. -85.   0. -81.   0. -84.   0.   0.

-86. -54.   0. -75.   0.   0.   0.   0.   0.   0.

-77.   0. -59.   0.   0.   0.   0.   0.   0.   0.

-90. -62.   0. -71. -82.   0.   0.   0.   0.   0.

  0. -61.   0.   0.   0.   0.   0.   0.   0.   0.

  0.   0. -78.   0. -90. -92.   0.   0.   0.   0.

  0. -56. -73. -70.   0.   0.   0.   0.   0.   0.

-54.   0. -73.   0. -85. -84.   0.   0.   0.   0.

-84.   0. -60. -88.   0.   0.   0.   0.   0.   0.

  0.   0.   0. -85. -91.   0.   0.   0.   0.   0.

  0.   0. -74. -84.   0. -77.   0.   0.   0.   0.

-83.   0. -56. -92.   0.   0.   0.   0.   0.   0.

-88.   0. -73. -77. -69.   0.   0.   0.   0.   0.

-71. -62. -70.   0.   0.   0.   0.   0.   0.   0.

  0.   0. -74.   0. -72.   0.   0.   0.   0.   0.

-60. -73. -84.   0. -78. -94.   0.   0.   0.   0.

  0.   0. -53. -86. -87.   0.   0.   0.   0.   0.

  0. -60. -71. -90. -91.   0.   0.   0.   0.   0.

-66.   0.   0. -91. -92.   0.   0.   0.   0.   0.

  0. -63. -68.   0. -88. -85.   0.   0.   0.   0.

  0.   0. -55.   0. -81.   0.   0.   0.   0.   0.

  0.   0. -73. -75.   0. -79.   0.   0.   0.   0.

  0.   0. -76.   0.   0. -90.   0.   0.   0.   0.

-62.   0. -50. -87. -92.   0.   0.   0.   0.   0.

  0.   0. -52.   0.   0.   0.   0.   0.   0.   0.

  0.   0. -87. -80.   0.   0.   0.   0.   0.   0.

  0.   0. -58.   0.   0.   0.   0.   0.   0.   0.

  0. -78. -58. -91. -99.   0.   0.   0.   0.   0.

-87. -57. -60.   0.   0.   0.   0.   0.   0.   0.

-75. -59.   0.   0.   0.   0.   0.   0.   0.   0.

  0.   0. -76.   0.   0.   0.   0.   0.   0.   0.

-73. -58. -66.   0.   0.   0.   0.   0.   0.   0.

  0. -62. -60. -83.   0. -94.   0.   0.   0.   0.

  0.   0.   0. -92.   0. -82.   0.   0.   0.   0.

-88. -61. -82.   0.   0.   0.   0.   0.   0.   0.

-77. -81. -80.   0.   0.   0.   0.   0.   0.   0.

-56. -77. -85. -73.   0.   0.   0.   0.   0.   0.

-77.   0. -85.   0. -81.   0.   0.   0.   0.   0.

-60. -87. -65. -83. -78.   0.   0.   0.   0.   0.

-71. -82.   0. -70.   0.   0.   0.   0.   0.   0.

  0. -77. -60. -74. -94.   0.   0.   0.   0.   0.

-77. -79.   0.   0.   0.   0.   0.   0.   0.   0.

  0. -83.   0. -72.   0.   0.   0.   0.   0.   0.

-70. -64.   0.   0.   0.   0.   0.   0.   0.   0.

-75. -79. -80. -72.   0.   0.   0.   0.   0.   0.

-85. -62. -80. -87. -85.   0.   0.   0.   0.   0.

 0.  0.  0.  0.  0.  0.  0.  0.  0.  0.

-92. -79. -80.   0.   0.   0.   0.   0.   0.   0.

-85.   0. -79. -71.   0.   0.   0.   0.   0.   0.

  0. -84.   0. -79.   0.   0.   0.   0.   0.   0.

  0.   0. -76.   0.   0.   0.   0.   0.   0.   0.

  0. -78. -70. -69. -92.   0.   0.   0.   0.   0.

  0. -61. -88. -79. -84.   0.   0.   0.   0.   0.

  0. -74. -59.   0.   0. -87.   0.   0.   0.   0.

-64. -72.   0. -88.   0.   0.   0.   0.   0.   0.

-71.   0. -75. -69.   0.   0.   0.   0.   0.   0.

  0. -88.   0. -76.   0.   0.   0.   0.   0.   0.

  0.   0. -63. -66. -76.   0.   0.   0.   0.   0.

  0. -71. -72. -70.   0.   0.   0.   0.   0.   0.

  0.   0. -56.   0. -90. -87.   0.   0.   0.   0.

-82. -56.   0.   0.   0.   0.   0.   0.   0.   0.

-68.   0. -72. -71. -82. -79.   0.   0.   0.   0.

  0. -68. -59. -71.   0. -80.   0.   0.   0.   0.

-76. -83. -64.   0.   0.   0.   0.   0.   0.   0.

  0. -77.   0. -68.   0.   0.   0.   0.   0.   0.

-75. -63.   0.   0.   0.   0.   0.   0.   0.   0.

  0. -81.   0.   0.   0. -85.   0.   0.   0.   0.

  0.   0.   0. -85.   0.   0.   0.   0.   0.   0.

-66.   0. -62.   0.   0.   0.   0.   0.   0.   0.

  0. -77. -73. -68. -77. -81.   0.   0.   0.   0.

-78. -60. -55. -84. -81.   0.   0.   0.   0.   0.

-79. -62.   0. -86. -75. -80.   0.   0.   0.   0.

-77.   0.   0. -79.   0.   0.   0.   0.   0.   0.

-71. -75.   0. -84. -78.   0.   0.   0.   0.   0.

-58.   0. -69. -85.   0.   0.   0.   0.   0.   0.

-61.   0. -80. -83. -92.   0.   0.   0.   0.   0.

-62.   0. -55.   0.   0.   0.   0.   0.   0.   0.

-65. -75.   0. -79. -77.   0.   0.   0.   0.   0.

  0. -77. -57.   0. -98.   0.   0.   0.   0.   0.

-76. -77.   0. -68. -96.   0.   0.   0.   0.   0.

-83. -81.   0. -72. -83.   0.   0.   0.   0.   0.

-85.   0. -72.   0. -78. -80.   0.   0.   0.   0.

-87. -83. -54.   0.   0. -82.   0.   0.   0.   0.

  0.   0.   0. -67. -93.   0.   0.   0.   0.   0.

  0. -74.   0. -82. -89.   0.   0.   0.   0.   0.

-80.   0.   0. -73. -93.   0.   0.   0.   0.   0.

-71. -85. -79. -85.   0. -96.   0.   0.   0.   0.

-90. -58. -75.   0.   0.   0.   0.   0.   0.   0.

  0. -82. -79. -70. -97.   0.   0.   0.   0.   0.

-66.   0.   0. -91.   0. -86.   0.   0.   0.   0.

-62.   0.   0.   0. -91. -95.   0.   0.   0.   0.

-62. -80. -67. -85.   0.   0.   0.   0.   0.   0.

  0. -86. -58.   0.   0. -84.   0.   0.   0.   0.

-80.   0. -56.   0. -97.   0.   0.   0.   0.   0.

-67.   0. -75.   0.   0.   0.   0.   0.   0.   0.

-85. -69. -64.   0.   0.   0.   0.   0.   0.   0.

-86. -63.   0.   0. -94.   0.   0.   0.   0.   0.

-62.   0. -72.   0. -86.   0.   0.   0.   0.   0.

  0.   0. -80. -81.   0.   0.   0.   0.   0.   0.

-79.   0.   0.   0.   0.   0.   0.   0.   0.   0.

-83. -86.   0. -91. -94.   0.   0.   0.   0.   0.

-61. -66. -74.   0.   0.   0.   0.   0.   0.   0.

-61.   0.   0. -98.   0.   0.   0.   0.   0.   0.

-79.   0. -65. -72.   0.   0.   0.   0.   0.   0.

-77. -66.   0.   0. -85.   0.   0.   0.   0.   0.

-59. -86. -65.   0. -95.   0.   0.   0.   0.   0.

-73. -76. -56.   0. -81.   0.   0.   0.   0.   0.

-72.   0. -84. -74. -78.   0.   0.   0.   0.   0.

-59.   0.   0. -69.   0.   0.   0.   0.   0.   0.

  0.   0. -87. -72. -98. -83.   0.   0.   0.   0.

-62.   0. -76.   0.   0.   0.   0.   0.   0.   0.

  0. -72. -75. -88.   0.   0.   0.   0.   0.   0.

-60.   0. -82.   0. -80.   0.   0.   0.   0.   0.

-62. -76.   0. -85.   0.   0.   0.   0.   0.   0.

  0. -75. -62. -86.   0. -81.   0.   0.   0.   0.

  0. -59. -69.   0.   0.   0.   0.   0.   0.   0.

  0. -89. -60. -79.   0.   0.   0.   0.   0.   0.

-65. -78. -58. -90.   0.   0.   0.   0.   0.   0.

  0. -70. -68. -86. -95.   0.   0.   0.   0.   0.

-91. -62. -72.   0. -92.   0.   0.   0.   0.   0.

-60.   0. -78. -79.   0.   0.   0.   0.   0.   0.

-75. -90.   0. -67. -90.   0.   0.   0.   0.   0.

  0. -57. -82. -84.   0.   0.   0.   0.   0.   0.

