  0.   0.   0. -78.   0. -64.   0. -71.   0. -65.

  0.   0.   0. -72.   0. -78.   0. -74.   0. -84.

  0.   0.   0.   0.   0. -63. -81. -76.   0. -81.

  0.   0. -90.   0. -88. -75.   0.   0.   0.   0.

  0.   0.   0.   0.   0. -88. -84. -47.   0. -87.

  0.   0.   0.   0. -88.   0. -82.   0.   0.   0.

  0.   0. -93.   0. -76.   0. -84. -49.   0.   0.

  0. -95.   0. -80. -90. -69. -79. -67.   0.   0.

  0. -94.   0.   0.   0. -64. -83.   0.   0. -65.

  0.   0. -88.   0. -81. -90. -71. -63.   0.   0.

  0.   0.   0.   0.   0.   0. -75.   0.   0.   0.

  0. -95. -72.   0. -76. -85. -73. -58.   0. -87.

  0. -96. -69.   0. -89. -68. -90.   0.   0. -86.

  0.   0.   0.   0. -72. -70.   0.   0.   0.   0.

-77. -90. -85.   0. -75. -66. -85. -49.   0.   0.

  0.   0. -86.   0.   0.   0. -80. -56.   0.   0.

  0.   0. -85. -94. -88.   0. -81. -37.   0.   0.

  0. -92.   0.   0. -74. -88. -82. -59.   0.   0.

  0.   0. -75.   0.   0. -86. -81. -60.   0.   0.

  0. -88.   0.   0.   0. -94.   0. -63.   0.   0.

  0. -81. -70.   0. -86. -91.   0. -61.   0. -87.

  0.   0.   0.   0.   0.   0. -66. -42.   0.   0.

  0.   0.   0.   0. -93. -84. -78. -60.   0.   0.

  0. -94.   0. -82. -88. -75.   0. -46.   0.   0.

  0. -90. -82. -93.   0. -76. -83. -63.   0.   0.

  0. -78. -83. -92. -67. -82.   0. -56.   0.   0.

  0. -93. -85. -80.   0.   0. -58.   0.   0. -89.

  0.   0. -86.   0. -83. -63. -61. -35.   0.   0.

  0. -73.   0.   0. -80. -85.   0. -61.   0.   0.

  0. -91. -71. -95. -69. -86.   0. -62.   0. -69.

  0. -90. -85.   0. -89. -78. -73. -38.   0. -76.

  0.   0. -67.   0. -80. -83.   0.   0.   0. -86.

  0.   0. -74.   0. -85.   0. -71.   0.   0. -84.

  0. -89. -75. -80. -81. -85. -90. -48.   0. -95.

  0.   0.   0.   0.   0. -83.   0. -65.   0.   0.

  0.   0. -84.   0. -70. -68.   0. -47.   0. -91.

  0. -94. -79.   0.   0. -92. -68. -44.   0. -86.

  0. -90. -86.   0. -73. -89. -81.   0.   0. -93.

  0.   0. -85. -94. -82.   0.   0. -45.   0. -88.

  0.   0.   0.   0. -86. -71. -83. -42.   0.   0.

-78.   0.   0.   0. -82. -65. -86. -63.   0.   0.

-89.   0.   0.   0.   0.   0. -89. -39.   0. -87.

  0.   0.   0.   0.   0. -88.   0. -40.   0. -88.

  0.   0. -74.   0.   0. -87. -65. -57.   0. -73.

-93. -94. -78.   0. -72.   0. -91. -42.   0. -88.

-81.   0. -90.   0. -67. -64. -93.   0.   0.   0.

-91.   0. -87.   0. -74. -70. -83. -58.   0. -67.

-93. -91. -72.   0. -75. -78.   0. -40.   0. -76.

-91. -84. -97.   0. -92.   0.   0. -58.   0. -89.

  0. -90.   0.   0.   0. -74.   0.   0.   0.   0.

  0. -72.   0.   0.   0. -72.   0. -61.   0.   0.

  0.   0.   0.   0.   0. -89. -68. -59.   0.   0.

  0.   0.   0.   0. -77.   0.   0. -57.   0. -75.

  0.   0.   0.   0. -78. -86. -85. -58.   0. -74.

  0. -85.   0.   0. -97. -82. -79. -39.   0. -79.

-96.   0.   0.   0. -70. -87. -79. -64.   0.   0.

  0.   0. -90.   0. -71. -69. -80. -59.   0. -88.

  0. -93.   0.   0.   0. -62.   0. -63.   0. -91.

  0.   0.   0. -91. -84.   0. -76. -62.   0. -83.

  0.   0.   0.   0.   0. -84. -74. -46.   0.   0.

  0.   0. -69.   0. -88. -81.   0. -48.   0.   0.

  0. -94. -72. -79.   0.   0.   0.   0.   0.   0.

  0. -80.   0. -92.   0. -84.   0. -62.   0. -75.

  0.   0. -89.   0. -91.   0.   0. -50.   0.   0.

-92.   0. -90.   0.   0.   0. -79. -67.   0. -86.

-79.   0. -80.   0. -82. -68. -82.   0.   0.   0.

-83.   0.   0.   0. -89. -85. -68. -62.   0. -94.

  0. -98.   0.   0.   0. -88. -86.   0.   0.   0.

 -99.  -96.    0.    0. -100.  -61.    0.  -69.    0.  -94.

  0. -88.   0.   0.   0.   0. -90. -69.   0.   0.

  0. -96. -93.   0. -79.   0.   0.   0.   0.   0.

  0.   0. -77.   0. -94.   0. -77. -70.   0. -93.

  0. -92.   0.   0.   0.   0. -79. -66.   0.   0.

  0. -96.   0.   0. -95.   0. -77. -74.   0. -80.

  0.   0.   0. -96.   0. -90.   0.   0.   0. -85.

  0.   0.   0. -94.   0. -89. -88.   0.   0. -88.

   0.    0.    0.  -96. -100.  -81.  -85.  -58.    0.  -85.

-95.   0. -94.   0. -79.   0. -79. -38.   0.   0.

  0. -92.   0.   0. -81. -72. -82. -40.   0. -75.

  0.   0.   0. -98. -70.   0.   0.   0.   0. -97.

  0.   0. -74.   0. -72.   0. -89. -44.   0.   0.

  0.   0.   0.   0. -91.   0. -69.   0.   0. -83.

  0.   0.   0. -80.   0. -56. -86. -68.   0. -71.

-82.   0.   0.   0.   0. -69. -88. -57.   0. -87.

  0.   0.   0.   0.   0. -70.   0.   0.   0. -70.

  0.   0.   0. -94. -91. -59. -71. -67.   0. -81.

  0.   0.   0.   0. -86.   0. -72.   0.   0.   0.

  0.   0.   0.   0. -76. -58. -82. -47.   0. -83.

  0.   0.   0.   0. -95. -66. -86. -73.   0. -85.

  0.   0.   0.   0. -85. -83. -94.   0.   0.   0.

  0. -75.   0.   0. -83. -68.   0. -70.   0. -75.

  0.   0.   0.   0.   0.   0. -69. -63.   0. -92.

  0.   0. -78.   0. -90. -77. -77.   0.   0. -89.

  0. -85. -96.   0. -88. -61.   0. -72.   0.   0.

  0.   0. -84.   0. -90.   0. -70. -57.   0. -86.

-78.   0.   0.   0.   0. -63. -82. -64.   0. -75.

  0.   0.   0.   0. -95. -62.   0. -69.   0. -75.

  0.   0.   0. -80. -77. -86. -72.   0.   0. -87.

-83.   0. -88. -97.   0.   0. -71.   0.   0.   0.

  0. -86.   0.   0.   0. -68. -84. -67.   0.   0.

  0.   0.   0.   0. -82.   0.   0. -66.   0.   0.

  0.   0.   0.   0.   0.   0. -82. -56.   0.   0.

  0.   0.   0.   0.   0. -79. -68. -55.   0.   0.

  0. -94.   0.   0. -82.   0.   0. -71.   0.   0.

  0.   0.   0. -92.   0. -81.   0. -64.   0.   0.

  0.   0.   0.   0. -78. -79. -63. -65.   0. -74.

-79.   0.   0.   0. -79. -74. -73.   0.   0. -85.

-85.   0.   0.   0.   0.   0. -77. -59.   0. -96.

  0.   0. -80. -95.   0. -91.   0. -45.   0.   0.

  0.   0. -82.   0.   0.   0.   0. -69.   0.   0.

-79. -78.   0. -94. -84.   0.   0. -64.   0.   0.

  0.   0. -86.   0. -77. -62.   0. -49.   0.   0.

  0. -82. -90. -98. -81. -81. -71. -62.   0.   0.

  0. -86.   0.   0. -73. -65.   0. -63.   0.   0.

   0. -100.    0.    0.    0.    0.  -75.    0.    0.    0.

  0.   0.   0. -85.   0.   0. -86. -84.   0. -90.

  0.   0.   0. -94. -73. -93.   0.   0.   0. -80.

  0. -95.   0.   0. -94. -89. -86. -54.   0.   0.

  0. -93.   0. -96. -89. -81. -80. -53.   0.   0.

  0.   0.   0.   0. -75. -83. -91.   0.   0. -73.

  0.   0.   0.   0. -90. -73. -78. -53.   0. -71.

  0.   0.   0. -82.   0.   0. -71.   0.   0. -89.

-82.   0.   0.   0. -70. -63. -95.   0.   0.   0.

  0.   0.   0.   0.   0. -91. -71. -74.   0. -94.

  0.   0.   0.   0. -85. -84. -84. -56.   0. -89.

  0.   0.   0.   0.   0. -73. -80. -56.   0. -86.

  0.   0.   0. -84. -85. -81. -85. -63.   0. -90.

  0. -94.   0.   0. -71. -70. -79. -42.   0. -69.

  0.   0. -84.   0.   0. -70. -89.   0.   0.   0.

  0.   0.   0.   0.   0. -82. -87. -50.   0. -82.

  0.   0.   0.   0. -82. -60.   0. -77.   0.   0.

  0.   0. -73.   0. -71. -74. -97.   0.   0. -80.

  0.   0. -82. -79.   0. -85. -89. -75.   0.   0.

  0.   0.   0. -95. -74. -73. -84. -67.   0.   0.

  0.   0.   0. -95.   0. -93.   0. -64.   0. -86.

  0.   0.   0.   0.   0. -80. -72.   0.   0. -88.

  0.   0.   0.   0. -88. -57.   0. -66.   0. -74.

  0.   0. -90.   0.   0. -77.   0. -76.   0.   0.

-94.   0.   0.   0.   0. -66.   0. -64.   0.   0.

-83.   0.   0.   0. -88. -67. -64. -78.   0. -76.

  0.   0. -95.   0. -90.   0.   0. -71.   0. -72.

  0.   0. -80.   0. -76. -85. -89.   0.   0. -71.

  0.   0.   0.   0. -89. -79. -74. -65.   0.   0.

  0.   0. -81.   0.   0. -79. -76. -70.   0. -84.

  0.   0. -95. -91. -75. -83. -64. -66.   0. -65.

  0.   0.   0. -94.   0. -81.   0. -62.   0. -88.

  0.   0. -93. -93. -81. -85. -85. -65.   0. -69.

  0. -84. -83. -90.   0. -79. -83. -80.   0. -76.

  0.   0. -83.   0.   0. -68. -67.   0.   0. -88.

  0.   0.   0.   0.   0. -87. -58. -49.   0.   0.

  0.   0. -93.   0.   0.   0. -82.   0.   0. -82.

  0.   0.   0.   0.   0. -94. -78.   0.   0. -69.

  0.   0. -95.   0. -74. -84. -65.   0.   0. -84.

  0.   0.   0.   0. -69. -75. -58. -50.   0. -95.

  0.   0.   0.   0.   0. -66. -65.   0.   0.   0.

-94.   0. -85.   0. -73. -92. -86.   0.   0.   0.

  0.   0.   0.   0.   0. -71.   0. -54.   0. -87.

  0.   0. -84.   0.   0. -82. -84.   0.   0. -65.

  0.   0. -97. -76. -92.   0. -92. -48.   0.   0.

  0. -95.   0. -93.   0. -69. -62. -77.   0. -87.

  0. -78.   0.   0. -90. -66. -68. -72.   0. -88.

  0.   0.   0. -97. -94.   0. -87.   0.   0.   0.

  0. -82.   0.   0. -76.   0. -72. -67.   0.   0.

  0.   0.   0.   0.   0.   0.   0. -73.   0. -74.

  0.   0.   0.   0. -88. -82. -86. -50.   0. -88.

  0.   0.   0. -91.   0.   0. -63. -56.   0.   0.

  0.   0.   0.   0. -70. -78. -74.   0.   0.   0.

  0.   0.   0.   0. -79. -68. -78. -73.   0. -87.

  0.   0.   0.   0. -82.   0. -85. -68.   0.   0.

  0.   0. -79.   0.   0. -79.   0. -67.   0. -90.

-95.   0.   0.   0. -79. -68. -66. -61.   0.   0.

  0.   0.   0.   0.   0. -74. -92.   0.   0.   0.

  0.   0.   0.   0. -92. -79. -85. -62.   0.   0.

  0.   0.   0.   0.   0. -72. -83. -61.   0. -71.

  0.   0.   0.   0.   0.   0. -86. -84.   0. -82.

  0. -95. -91. -92.   0.   0. -75. -91.   0. -71.

  0.   0. -91.   0.   0.   0. -93.   0.   0. -86.

