-81.   0.   0. -87.   0. -56.   0. -88.   0.   0.

  0. -77.   0.   0.   0.   0.   0. -85.   0.   0.

  0.   0.   0.   0.   0. -80.   0.   0.   0. -93.

  0. -85. -78.   0. -81. -53.   0. -80.   0. -80.

  0. -80.   0.   0. -84. -54.   0.   0.   0.   0.

  0.   0.   0.   0.   0. -64.   0.   0.   0.   0.

  0.   0.   0.   0.   0. -73.   0.   0.   0. -79.

  0.   0.   0.   0.   0. -60.   0.   0.   0. -61.

  0.   0. -96.   0.   0. -70.   0. -91.   0. -79.

  0.   0.   0.   0.   0. -60.   0.   0.   0. -85.

  0.   0.   0.   0. -95.   0.   0.   0.   0. -83.

   0. -101.    0.    0.    0.    0.    0.  -88.    0.  -82.

  0.   0.   0.   0.   0. -71. -96.   0.   0.   0.

  0.   0.   0.   0.   0. -72.   0.   0.   0.   0.

  0.   0.   0.   0.   0.   0.   0.   0.   0. -90.

  0.   0.   0.   0. -85. -78.   0. -79.   0.   0.

  0.   0.   0.   0. -96. -75.   0.   0.   0. -77.

  0.   0.   0.   0. -93. -62.   0. -92.   0. -84.

  0.   0.   0.   0.   0. -70. -80.   0.   0.   0.

  0.   0.   0.   0.   0. -74. -88.   0.   0. -80.

  0.   0.   0.   0. -77. -49.   0.   0.   0. -78.

  0.   0.   0. -94. -80. -55. -82. -91.   0.   0.

-94.   0.   0.   0.   0. -75.   0.   0.   0. -71.

  0.   0.   0.   0.   0. -81.   0. -81.   0. -85.

  0. -80.   0.   0.   0.   0.   0.   0.   0. -67.

  0.   0.   0.   0.   0. -51.   0.   0.   0. -82.

  0. -96.   0.   0. -93. -70.   0.   0.   0.   0.

  0.   0.   0.   0.   0. -72.   0.   0.   0. -86.

  0.   0.   0.   0.   0. -77.   0. -93.   0.   0.

  0.   0.   0.   0.   0. -76.   0.   0.   0. -76.

  0.   0.   0.   0.   0.   0.   0. -81.   0. -70.

  0.   0.   0.   0.   0. -57. -85. -93.   0. -84.

  0.   0.   0.   0. -83. -74.   0. -81.   0. -87.

 0.  0.  0.  0.  0.  0.  0.  0.  0.  0.

  0.   0. -97.   0.   0. -73.   0.   0.   0. -72.

  0.   0.   0.   0.   0. -62.   0. -87.   0. -83.

  0.   0.   0.   0.   0. -67.   0. -95.   0.   0.

   0.    0.    0.    0.    0.  -64. -100.    0.    0.  -85.

 0.  0.  0.  0.  0.  0.  0.  0.  0.  0.

  0. -84.   0.   0. -81. -53.   0. -97.   0. -88.

  0.   0.   0.   0.   0. -53.   0. -89.   0.   0.

-85. -76.   0.   0.   0. -60.   0.   0.   0. -76.

  0.   0.   0. -86.   0.   0.   0. -86.   0. -86.

  0. -80.   0.   0.   0. -79.   0. -95.   0.   0.

  0.   0. -79.   0.   0.   0.   0.   0.   0. -88.

  0. -98.   0.   0.   0. -71.   0. -97.   0. -90.

  0.   0.   0.   0. -83. -55.   0.   0.   0. -73.

  0. -85.   0.   0.   0. -53.   0. -73.   0.   0.

  0.   0.   0.   0.   0. -55. -82. -81.   0. -88.

  0.   0. -82.   0.   0.   0.   0.   0.   0. -83.

  0.   0.   0.   0.   0. -78.   0.   0.   0.   0.

  0.   0.   0.   0. -99. -78.   0. -90.   0. -81.

  0.   0. -97.   0.   0. -73. -90. -70.   0. -82.

  0. -83.   0.   0.   0.   0.   0. -92.   0. -66.

  0.   0.   0.   0.   0. -66. -72.   0.   0. -70.

  0.   0.   0.   0.   0. -58.   0.   0.   0. -81.

-95.   0. -82.   0.   0.   0.   0. -79.   0.   0.

  0.   0.   0.   0.   0. -72.   0. -80.   0. -81.

  0.   0.   0.   0.   0. -72.   0. -82.   0. -89.

  0.   0.   0.   0. -83. -72.   0. -92.   0. -65.

  0. -82. -95.   0.   0. -80.   0. -91.   0.   0.

  0.   0. -83.   0.   0.   0.   0.   0.   0.   0.

  0.   0.   0.   0.   0.   0. -96. -90.   0. -92.

  0.   0.   0.   0.   0. -73.   0. -75.   0. -66.

  0.   0.   0.   0. -83. -54.   0.   0.   0.   0.

  0.   0.   0.   0.   0. -56.   0. -94.   0.   0.

  0.   0.   0.   0. -82.   0.   0. -93.   0. -79.

  0.   0. -81.   0.   0. -74.   0. -80.   0.   0.

 0.  0.  0.  0.  0.  0.  0.  0.  0.  0.

  0.   0.   0.   0.   0. -71. -96. -90.   0. -63.

  0.   0.   0.   0.   0. -55. -86.   0.   0. -83.

  0.   0.   0.   0.   0. -72. -97. -79.   0. -61.

  0.   0.   0.   0. -94.   0.   0.   0.   0. -94.

  0.   0.   0.   0.   0. -60.   0. -90.   0.   0.

  0.   0.   0.   0.   0. -54.   0. -74.   0.   0.

  0. -95.   0.   0.   0. -77.   0. -92.   0.   0.

  0.   0.   0.   0.   0. -81.   0.   0.   0. -87.

  0.   0.   0.   0.   0. -74.   0. -76.   0. -87.

  0.   0.   0.   0. -81. -58.   0. -88.   0. -88.

  0.   0.   0.   0.   0. -72. -84. -94.   0.   0.

  0.   0.   0.   0.   0. -75.   0.   0.   0.   0.

  0.   0.   0.   0.   0. -73. -95. -91.   0. -83.

  0. -93.   0.   0.   0. -78.   0. -88.   0. -84.

 0.  0.  0.  0.  0.  0.  0.  0.  0.  0.

  0. -93.   0.   0.   0. -71.   0.   0.   0. -74.

  0.   0.   0.   0.   0.   0.   0.   0.   0. -83.

  0.   0.   0.   0.   0. -76. -80. -91.   0. -85.

  0.   0. -80.   0.   0. -54.   0. -72.   0. -66.

  0.   0.   0.   0.   0. -71.   0. -77.   0.   0.

  0.   0.   0.   0.   0. -56.   0. -94.   0. -88.

  0.   0.   0.   0.   0. -70.   0.   0.   0. -89.

  0.   0.   0.   0.   0. -71.   0. -90.   0. -92.

  0.   0.   0.   0.   0. -82.   0. -91.   0. -79.

  0.   0.   0.   0. -86.   0.   0. -94.   0. -83.

  0. -95. -97.   0.   0.   0.   0. -91.   0. -72.

  0.   0.   0.   0.   0. -52.   0.   0.   0.   0.

  0.   0.   0.   0.   0. -68. -94.   0.   0.   0.

  0.   0.   0.   0.   0. -58.   0. -93.   0. -81.

  0.   0.   0.   0.   0. -74.   0. -94.   0.   0.

  0.   0.   0.   0.   0. -58.   0.   0.   0. -71.

-82.   0.   0.   0.   0. -73.   0. -83.   0. -85.

-98. -94.   0.   0.   0. -83. -96.   0.   0. -82.

  0.   0.   0.   0.   0.   0.   0.   0.   0. -68.

  0.   0.   0.   0. -97. -60.   0. -87.   0.   0.

  0.   0.   0.   0.   0. -72.   0. -82.   0. -69.

  0.   0.   0.   0.   0. -70.   0. -98.   0. -82.

  0.   0.   0.   0.   0.   0.   0.   0.   0. -86.

  0. -98.   0.   0. -97. -71.   0.   0.   0. -93.

  0. -84. -81.   0.   0. -75.   0.   0.   0.   0.

  0.   0.   0.   0.   0. -72.   0. -88.   0. -65.

-96.   0.   0.   0. -78. -74.   0.   0.   0. -67.

  0.   0.   0.   0.   0. -72.   0.   0.   0.   0.

  0.   0. -80.   0.   0.   0.   0.   0.   0. -89.

  0.   0.   0.   0.   0. -71.   0.   0.   0.   0.

  0.   0. -80.   0.   0. -70. -82.   0.   0. -84.

  0.   0.   0.   0.   0. -59.   0.   0.   0. -80.

  0.   0.   0.   0.   0. -71. -82. -99.   0. -84.

  0.   0.   0.   0.   0. -57.   0.   0.   0. -72.

  0.   0.   0.   0.   0. -60.   0.   0.   0. -79.

  0.   0.   0.   0. -81. -61.   0.   0.   0. -83.

  0.   0.   0.   0.   0. -83.   0.   0.   0.   0.

  0.   0.   0.   0.   0. -75.   0.   0.   0.   0.

  0.   0.   0.   0.   0. -82.   0.   0.   0. -87.

  0.   0.   0.   0.   0. -73.   0.   0.   0. -85.

  0.   0.   0.   0.   0.   0. -74. -91.   0. -84.

  0.   0. -93.   0.   0.   0.   0. -90.   0. -85.

  0.   0.   0. -84.   0. -76. -89.   0.   0. -87.

  0.   0.   0.   0.   0. -75.   0. -96.   0. -74.

  0.   0.   0.   0.   0.   0. -91.   0.   0.   0.

  0.   0. -80.   0.   0. -74.   0.   0.   0. -90.

 0.  0.  0.  0.  0.  0.  0.  0.  0.  0.

  0.   0. -81.   0.   0.   0.   0.   0.   0.   0.

  0. -86.   0.   0. -92. -73.   0.   0.   0.   0.

  0. -84.   0.   0.   0. -57.   0.   0.   0.   0.

  0.   0.   0.   0.   0. -74.   0.   0.   0. -85.

  0.   0.   0.   0.   0.   0.   0.   0.   0. -90.

  0.   0.   0.   0.   0. -56.   0.   0.   0. -69.

  0.   0.   0.   0.   0. -74. -73.   0.   0. -88.

-94.   0.   0.   0.   0. -57.   0. -84.   0.   0.

 0.  0.  0.  0.  0.  0.  0.  0.  0.  0.

 0.  0.  0.  0.  0.  0.  0.  0.  0.  0.

  0.   0.   0.   0.   0. -71. -78. -94.   0. -89.

 0.  0.  0.  0.  0.  0.  0.  0.  0.  0.

  0.   0.   0.   0.   0.   0. -94.   0.   0.   0.

  0. -94.   0.   0.   0. -74.   0.   0.   0.   0.

  0.   0.   0.   0.   0. -54.   0.   0.   0. -80.

  0.   0.   0.   0.   0. -55.   0.   0.   0. -78.

  0.   0.   0.   0.   0.   0. -79.   0.   0. -92.

  0.   0.   0.   0.   0. -74.   0.   0.   0. -89.

   0.    0.    0.    0. -101.  -73.    0.    0.    0.  -91.

  0.   0.   0.   0.   0.   0.   0.   0.   0. -89.

  0.   0.   0.   0.   0.   0.   0. -93.   0.   0.

  0. -84.   0.   0.   0. -57. -82.   0.   0. -86.

  0.   0. -96.   0.   0. -57. -92.   0.   0. -91.

  0.   0. -94.   0.   0. -74.   0.   0.   0.   0.

  0.   0. -94.   0.   0. -89.   0.   0.   0. -71.

  0.   0.   0. -85. -82. -70.   0. -90.   0. -87.

  0.   0.   0.   0. -82. -85. -83.   0.   0. -90.

 0.  0.  0.  0.  0.  0.  0.  0.  0.  0.

  0.   0.   0.   0.   0. -68.   0.   0.   0. -76.

  0.   0. -83.   0.   0.   0.   0. -95.   0.   0.

 0.  0.  0.  0.  0.  0.  0.  0.  0.  0.

  0.   0.   0.   0.   0.   0.   0.   0.   0. -62.

  0.   0.   0.   0.   0.   0.   0.   0.   0. -81.

  0.   0.   0.   0.   0. -55.   0.   0.   0. -84.

  0.   0.   0.   0.   0. -75.   0. -93.   0. -72.

  0.   0. -96.   0.   0.   0.   0. -80.   0. -81.

  0.   0. -84.   0. -84. -58.   0.   0.   0.   0.

  0.   0.   0.   0.   0.   0.   0. -93.   0. -80.

  0.   0.   0.   0.   0. -64. -94.   0.   0.   0.

  0.   0.   0.   0.   0.   0.   0.   0.   0. -82.

  0.   0.   0.   0.   0. -70.   0.   0.   0. -88.

  0.   0.   0.   0.   0. -57.   0.   0.   0.   0.

  0.   0.   0.   0.   0. -73. -93. -82.   0. -87.

