  0.   0.   0.   0.   0. -70.   0.   0.   0. -84.

  0.   0.   0.   0.   0. -68.   0. -91.   0. -87.

  0.   0.   0.   0.   0. -81.   0. -94.   0. -77.

  0.   0. -96.   0.   0.   0.   0.   0.   0. -62.

-86.   0. -83.   0.   0. -61.   0. -85.   0. -61.

  0.   0. -94.   0.   0. -74.   0. -96.   0. -88.

  0.   0.   0.   0.   0. -93.   0.   0.   0.   0.

-96.   0. -84.   0.   0.   0. -80. -76.   0. -71.

  0.   0.   0.   0.   0. -62.   0.   0.   0. -74.

  0.   0.   0.   0. -79. -69.   0.   0.   0. -73.

  0.   0. -98.   0.   0. -76. -96.   0.   0.   0.

  0.   0.   0.   0.   0.   0.   0.   0.   0. -73.

  0.   0.   0.   0.   0. -78.   0.   0.   0.   0.

  0.   0.   0.   0.   0. -84.   0. -99.   0.   0.

  0.   0.   0.   0.   0. -91.   0.   0.   0. -71.

  0.   0.   0.   0.   0. -86.   0.   0.   0. -81.

  0.   0.   0.   0.   0.   0.   0.   0.   0. -79.

  0.   0.   0.   0.   0. -92.   0. -77.   0. -86.

  0.   0.   0.   0.   0.   0.   0. -90.   0. -83.

  0.   0.   0.   0.   0. -77.   0.   0.   0. -78.

  0.   0.   0.   0.   0. -91.   0.   0.   0. -73.

  0.   0.   0.   0.   0. -88.   0. -89.   0. -71.

  0.   0.   0.   0.   0. -68. -85.   0.   0.   0.

  0.   0.   0.   0.   0. -86.   0.   0.   0. -54.

  0.   0.   0.   0.   0. -86.   0.   0.   0. -74.

  0.   0.   0.   0.   0.   0.   0.   0.   0. -58.

  0.   0.   0.   0. -84. -59.   0.   0.   0. -73.

  0.   0. -96.   0. -88.   0.   0. -74.   0. -56.

  0.   0.   0.   0.   0.   0.   0.   0.   0. -70.

  0.   0. -94.   0. -80. -70.   0.   0.   0.   0.

  0.   0.   0.   0.   0.   0.   0. -74.   0. -76.

  0.   0.   0.   0.   0.   0.   0. -92.   0.   0.

  0.   0.   0.   0.   0. -90. -85. -92.   0. -56.

  0.   0.   0.   0. -82. -96.   0. -80.   0. -72.

  0.   0.   0.   0.   0. -94.   0.   0.   0.   0.

  0.   0.   0.   0.   0.   0.   0.   0.   0. -72.

  0.   0.   0.   0.   0.   0.   0. -96.   0. -71.

  0.   0.   0.   0.   0.   0.   0. -81.   0. -56.

  0.   0.   0.   0.   0. -76.   0.   0.   0. -56.

  0.   0.   0.   0.   0.   0.   0.   0.   0. -53.

  0.   0.   0.   0. -89. -87.   0.   0.   0. -72.

  0.   0.   0.   0.   0. -85. -86.   0.   0. -55.

  0.   0.   0.   0.   0. -77.   0. -77.   0. -55.

  0.   0.   0.   0.   0.   0.   0. -83.   0.   0.

  0.   0.   0.   0.   0.   0.   0.   0.   0. -56.

  0.   0.   0.   0.   0.   0.   0.   0.   0. -55.

  0.   0.   0.   0.   0. -83.   0.   0.   0. -72.

  0.   0.   0.   0.   0. -71.   0.   0.   0. -58.

  0.   0.   0.   0.   0. -91.   0.   0.   0.   0.

  0.   0.   0.   0.   0.   0.   0.   0.   0. -74.

  0.   0.   0.   0.   0. -74.   0.   0.   0.   0.

  0.   0.   0.   0.   0. -85.   0.   0.   0. -56.

  0.   0.   0.   0.   0. -77.   0. -81.   0. -72.

  0.   0.   0.   0.   0.   0.   0. -86.   0.   0.

  0.   0.   0.   0.   0. -90.   0. -96.   0. -73.

 0.  0.  0.  0.  0.  0.  0.  0.  0.  0.

  0.   0.   0.   0. -88. -71.   0. -92.   0.   0.

  0.   0.   0.   0.   0. -82.   0. -77.   0. -56.

  0.   0.   0.   0.   0.   0.   0. -95.   0. -73.

  0.   0.   0.   0.   0. -67.   0. -82.   0. -75.

  0.   0.   0.   0.   0.   0.   0. -94.   0. -76.

  0.   0.   0.   0.   0. -70.   0.   0.   0. -61.

  0.   0.   0.   0.   0.   0.   0. -85.   0. -61.

  0.   0.   0.   0.   0. -69. -93.   0.   0. -72.

  0.   0.   0.   0.   0. -75.   0. -70.   0.   0.

  0.   0. -94.   0.   0. -86.   0. -76.   0. -71.

  0.   0.   0.   0.   0. -74.   0.   0.   0. -77.

  0.   0.   0.   0.   0. -86.   0.   0.   0. -60.

  0.   0.   0.   0.   0. -86.   0.   0.   0. -76.

  0.   0.   0.   0.   0. -69.   0.   0.   0. -59.

  0.   0. -81.   0.   0.   0.   0.   0.   0. -55.

  0.   0.   0.   0.   0. -79.   0. -83.   0. -71.

  0.   0.   0.   0.   0. -72.   0.   0.   0. -75.

  0.   0.   0.   0.   0. -86.   0. -92.   0.   0.

  0.   0.   0.   0. -81. -87.   0.   0.   0.   0.

  0.   0.   0.   0.   0.   0. -94.   0.   0. -53.

  0.   0. -89.   0.   0.   0.   0.   0.   0.   0.

  0.   0.   0.   0.   0.   0.   0. -81.   0.   0.

  0.   0.   0.   0.   0.   0.   0.   0.   0. -73.

  0.   0.   0.   0.   0. -87.   0.   0.   0.   0.

  0.   0.   0.   0.   0. -76.   0.   0.   0. -73.

  0.   0.   0.   0.   0. -88.   0.   0.   0.   0.

  0.   0.   0.   0.   0.   0.   0. -78.   0. -75.

  0.   0.   0.   0.   0.   0.   0. -92.   0. -61.

  0.   0.   0.   0.   0. -74.   0. -79.   0. -59.

  0.   0.   0.   0.   0. -80.   0.   0.   0. -61.

  0.   0.   0.   0.   0. -86. -96. -83.   0.   0.

  0.   0.   0.   0.   0. -87.   0.   0.   0. -75.

  0.   0.   0.   0.   0. -88.   0.   0.   0.   0.

  0.   0.   0.   0.   0.   0.   0.   0.   0. -61.

  0.   0.   0.   0.   0. -89.   0.   0.   0.   0.

  0.   0. -85.   0.   0.   0.   0.   0.   0. -74.

  0.   0.   0.   0.   0.   0.   0. -88.   0.   0.

  0.   0.   0.   0.   0. -86.   0.   0.   0. -59.

  0.   0.   0.   0.   0. -85.   0.   0.   0. -54.

   0.    0.    0.    0. -100.    0.    0.  -80.    0.    0.

  0.   0.   0.   0.   0. -84.   0.   0.   0. -74.

  0.   0.   0.   0.   0.   0.   0.   0.   0. -77.

  0.   0.   0.   0.   0. -88.   0.   0.   0. -73.

  0.   0.   0.   0.   0. -88.   0. -76.   0. -57.

  0.   0.   0.   0.   0. -79.   0.   0.   0. -59.

  0.   0.   0.   0.   0. -68.   0.   0.   0.   0.

  0.   0.   0.   0.   0.   0.   0.   0.   0. -59.

  0.   0.   0.   0.   0. -84.   0. -79.   0. -75.

  0.   0.   0.   0.   0. -72.   0.   0.   0. -57.

  0.   0.   0.   0.   0. -91.   0.   0.   0. -75.

  0.   0.   0.   0.   0. -75.   0. -91.   0. -58.

  0.   0.   0.   0.   0. -78.   0.   0.   0. -69.

  0.   0.   0.   0.   0. -94.   0.   0.   0. -59.

  0.   0.   0.   0.   0.   0.   0.   0.   0. -57.

  0.   0.   0.   0.   0.   0.   0.   0.   0. -59.

  0.   0.   0.   0.   0.   0.   0.   0.   0. -72.

  0.   0.   0.   0.   0. -90.   0.   0.   0. -56.

  0.   0.   0.   0.   0. -93.   0.   0.   0. -55.

  0.   0.   0.   0.   0. -96.   0.   0.   0. -72.

  0.   0.   0.   0.   0. -96.   0.   0.   0.   0.

  0.   0.   0.   0.   0. -92.   0.   0.   0. -62.

  0.   0.   0.   0.   0. -92.   0.   0.   0. -71.

  0.   0.   0.   0.   0. -89.   0.   0.   0. -72.

  0.   0.   0.   0.   0. -81.   0.   0.   0. -78.

  0.   0.   0.   0.   0. -80. -95.   0.   0. -81.

  0.   0.   0.   0.   0.   0.   0. -92.   0. -81.

  0.   0.   0.   0.   0. -66.   0. -88.   0. -76.

  0.   0.   0.   0. -87. -83.   0. -83.   0. -75.

  0.   0.   0.   0.   0. -88.   0.   0.   0. -73.

  0.   0.   0.   0. -86. -69.   0. -81.   0.   0.

  0.   0.   0.   0.   0. -89.   0. -80.   0. -56.

  0.   0.   0.   0.   0. -88.   0. -92.   0. -73.

  0.   0.   0.   0.   0. -73. -96.   0.   0. -75.

  0.   0.   0.   0. -99. -85.   0.   0.   0.   0.

  0.   0.   0.   0.   0. -86.   0.   0.   0. -58.

  0.   0.   0.   0.   0. -87.   0.   0.   0. -55.

  0.   0.   0.   0.   0.   0.   0. -97.   0. -72.

  0.   0.   0.   0.   0. -88.   0. -94.   0. -60.

  0.   0.   0.   0.   0.   0.   0. -98.   0. -74.

  0.   0.   0.   0.   0. -90.   0. -94.   0.   0.

  0.   0.   0.   0.   0. -86.   0.   0.   0. -56.

  0.   0.   0.   0.   0.   0.   0.   0.   0. -72.

  0.   0.   0.   0.   0. -92.   0. -83.   0. -74.

  0.   0.   0.   0.   0.   0. -95.   0.   0. -58.

  0.   0.   0.   0.   0. -90. -82.   0.   0. -78.

  0.   0.   0.   0.   0. -87.   0.   0.   0. -75.

  0.   0.   0.   0. -96.   0.   0. -81.   0. -73.

  0.   0.   0.   0.   0.   0.   0. -83.   0. -76.

  0.   0.   0.   0.   0. -80.   0.   0.   0. -76.

  0.   0.   0.   0.   0.   0.   0.   0.   0. -76.

  0.   0.   0.   0.   0. -73.   0. -94.   0. -76.

  0.   0.   0.   0. -84.   0. -81.   0.   0. -78.

  0.   0.   0.   0.   0.   0.   0.   0.   0. -66.

  0.   0.   0.   0.   0.   0.   0. -83.   0.   0.

  0.   0.   0.   0.   0. -80.   0.   0.   0. -59.

  0.   0.   0.   0.   0. -86.   0. -78.   0. -80.

  0.   0.   0.   0. -94. -86.   0. -76.   0. -76.

  0.   0.   0.   0.   0. -91.   0.   0.   0.   0.

  0.   0.   0.   0.   0. -69.   0.   0.   0. -58.

  0.   0.   0.   0.   0. -85.   0.   0.   0. -73.

