  0. -78.   0.   0.   0. -71.   0.   0.   0.   0.

  0.   0.   0.   0.   0.   0.   0.   0.   0. -74.

  0.   0.   0.   0.   0.   0.   0.   0.   0. -76.

  0. -78.   0.   0. -82.   0. -85.   0.   0. -81.

  0.   0.   0.   0.   0. -69.   0. -72.   0.   0.

  0.   0.   0.   0.   0. -87.   0. -80.   0.   0.

  0. -83.   0.   0.   0. -86.   0.   0.   0. -75.

  0.   0.   0.   0.   0. -75.   0. -78.   0.   0.

  0.   0.   0. -84.   0.   0.   0.   0.   0. -83.

  0.   0. -96.   0.   0. -80.   0. -90.   0.   0.

  0.   0.   0.   0.   0. -84.   0.   0.   0. -62.

  0.   0.   0.   0.   0. -77. -83.   0.   0. -85.

  0.   0.   0.   0.   0. -92.   0.   0.   0. -78.

  0.   0.   0.   0.   0. -85. -83.   0.   0.   0.

  0.   0.   0.   0.   0.   0.   0.   0.   0. -66.

  0.   0.   0.   0.   0.   0.   0.   0.   0. -73.

 0.  0.  0.  0.  0.  0.  0.  0.  0.  0.

  0.   0. -89.   0.   0. -86.   0. -76.   0. -67.

  0.   0.   0.   0.   0. -85. -91.   0.   0.   0.

  0.   0. -93.   0.   0.   0.   0.   0.   0.   0.

  0.   0.   0.   0. -81.   0.   0.   0.   0. -81.

  0.   0.   0.   0.   0. -90.   0.   0.   0. -83.

  0.   0. -75.   0.   0.   0.   0.   0.   0. -75.

  0.   0. -88.   0.   0.   0. -91. -93.   0. -79.

 0.  0.  0.  0.  0.  0.  0.  0.  0.  0.

  0.   0.   0.   0.   0.   0. -78.   0.   0. -81.

 0.  0.  0.  0.  0.  0.  0.  0.  0.  0.

  0. -96.   0.   0.   0. -75.   0.   0.   0. -74.

  0.   0.   0.   0.   0.   0.   0.   0.   0. -74.

  0.   0.   0.   0.   0. -88.   0.   0.   0.   0.

  0.   0.   0.   0.   0.   0.   0. -78.   0. -75.

  0.   0.   0.   0.   0. -72.   0. -91.   0. -81.

  0.   0.   0.   0.   0. -72.   0.   0.   0. -59.

  0.   0.   0.   0.   0. -80.   0.   0.   0. -82.

  0.   0.   0.   0.   0.   0.   0.   0.   0. -72.

  0.   0.   0.   0.   0.   0.   0.   0.   0. -75.

  0.   0.   0.   0.   0.   0.   0.   0.   0. -80.

  0.   0.   0.   0.   0. -95.   0.   0.   0.   0.

  0.   0.   0.   0.   0. -91.   0.   0.   0. -67.

 0.  0.  0.  0.  0.  0.  0.  0.  0.  0.

 0.  0.  0.  0.  0.  0.  0.  0.  0.  0.

  0.   0.   0.   0.   0.   0.   0.   0.   0. -77.

  0.   0.   0.   0.   0. -77.   0.   0.   0. -81.

 0.  0.  0.  0.  0.  0.  0.  0.  0.  0.

  0.   0.   0.   0.   0.   0.   0.   0.   0. -64.

  0.   0. -78.   0.   0.   0.   0.   0.   0. -81.

  0.   0.   0.   0.   0. -78.   0.   0.   0.   0.

  0.   0.   0.   0.   0.   0.   0. -74.   0. -86.

  0.   0.   0.   0.   0.   0.   0.   0.   0. -68.

  0.   0.   0.   0.   0. -88.   0.   0.   0. -83.

  0.   0.   0.   0.   0. -70.   0.   0.   0. -80.

  0.   0.   0.   0.   0.   0.   0. -82.   0. -90.

 0.  0.  0.  0.  0.  0.  0.  0.  0.  0.

  0.   0.   0.   0.   0.   0.   0.   0.   0. -64.

  0.   0.   0.   0.   0.   0.   0.   0.   0. -81.

  0.   0.   0.   0.   0.   0.   0.   0.   0. -91.

  0.   0.   0.   0.   0. -69.   0.   0.   0. -80.

  0.   0.   0.   0.   0. -94.   0.   0.   0. -84.

  0.   0.   0.   0.   0.   0.   0.   0.   0. -78.

  0.   0.   0.   0.   0. -90.   0.   0.   0. -67.

  0.   0.   0.   0. -80. -87. -85.   0.   0.   0.

 0.  0.  0.  0.  0.  0.  0.  0.  0.  0.

  0.   0.   0.   0.   0.   0.   0.   0.   0. -66.

  0.   0.   0.   0.   0.   0.   0.   0.   0. -70.

 0.  0.  0.  0.  0.  0.  0.  0.  0.  0.

  0.   0.   0.   0.   0. -86.   0.   0.   0. -71.

 0.  0.  0.  0.  0.  0.  0.  0.  0.  0.

  0.   0.   0.   0.   0. -90.   0.   0.   0. -88.

  0.   0.   0.   0.   0. -93.   0.   0.   0.   0.

  0.   0.   0.   0.   0.   0.   0.   0.   0. -88.

 0.  0.  0.  0.  0.  0.  0.  0.  0.  0.

  0.   0.   0.   0.   0. -82.   0.   0.   0. -83.

  0.   0.   0.   0.   0.   0.   0. -94.   0.   0.

  0.   0.   0.   0.   0. -96.   0.   0.   0. -86.

  0.   0.   0.   0.   0. -95.   0.   0.   0.   0.

  0.   0.   0.   0.   0.   0.   0.   0.   0. -87.

  0.   0.   0.   0.   0. -78.   0.   0.   0.   0.

  0.   0.   0.   0.   0. -90.   0.   0.   0.   0.

 0.  0.  0.  0.  0.  0.  0.  0.  0.  0.

 0.  0.  0.  0.  0.  0.  0.  0.  0.  0.

  0.   0.   0.   0.   0.   0.   0.   0.   0. -83.

  0.   0.   0.   0.   0.   0.   0.   0.   0. -82.

  0.   0.   0.   0.   0. -87.   0.   0.   0.   0.

 0.  0.  0.  0.  0.  0.  0.  0.  0.  0.

  0.   0.   0.   0.   0.   0.   0.   0.   0. -84.

  0.   0. -80.   0.   0.   0.   0.   0.   0. -86.

  0.   0.   0.   0.   0.   0. -80.   0.   0.   0.

  0.   0.   0.   0. -97. -69.   0.   0.   0. -83.

  0.   0. -76.   0.   0. -98.   0. -89.   0. -59.

  0.   0.   0.   0.   0.   0. -93. -75.   0. -75.

  0.   0.   0.   0. -96.   0.   0. -90.   0.   0.

  0.   0. -84.   0.   0. -70.   0. -93.   0. -69.

-95.   0.   0. -94. -92.   0. -85.   0.   0. -80.

-93.   0.   0.   0.   0. -91. -77. -80.   0. -73.

   0.    0. -100.    0.    0.    0.  -83.    0.    0.  -56.

  0.   0.   0.   0.   0.   0.   0.   0.   0. -73.

  0.   0.   0. -82.   0.   0. -89. -90.   0.   0.

  0. -76.   0. -78.   0.   0.   0. -96.   0. -57.

-84. -97.   0. -93.   0.   0. -90. -96.   0. -61.

  0.   0.   0.   0.   0. -88.   0.   0.   0. -58.

  0.   0.   0.   0.   0. -72.   0. -69.   0. -72.

-95.   0.   0. -82.   0. -89. -76.   0.   0. -75.

  0.   0.   0. -78. -99. -91.   0.   0.   0. -77.

-85.   0.   0. -78.   0. -67.   0.   0.   0.   0.

  0.   0.   0.   0. -90. -90.   0. -72.   0.   0.

  0.   0.   0.   0.   0.   0.   0.   0.   0. -69.

  0.   0.   0.   0. -75. -83. -83.   0.   0. -52.

-91.   0.   0.   0.   0.   0.   0. -81.   0. -53.

-90.   0.   0.   0.   0. -81.   0.   0.   0. -56.

  0.   0.   0.   0.   0.   0. -74. -83.   0. -69.

  0.   0.   0.   0.   0.   0.   0. -95.   0. -70.

  0.   0.   0.   0.   0. -68.   0.   0.   0. -65.

-85.   0.   0.   0. -79. -86.   0.   0.   0.   0.

  0.   0. -82.   0. -92. -86. -96.   0.   0. -69.

-86.   0.   0.   0.   0. -72.   0. -85.   0.   0.

  0.   0.   0.   0.   0. -86.   0.   0.   0. -72.

  0.   0.   0.   0.   0.   0.   0. -91.   0. -60.

-82.   0.   0.   0.   0.   0. -92. -79.   0. -72.

-95.   0.   0.   0. -96. -87.   0.   0.   0. -63.

 0.  0.  0.  0.  0.  0.  0.  0.  0.  0.

  0.   0. -89.   0. -97. -86. -87.   0.   0.   0.

-89.   0.   0.   0. -94. -74.   0.   0.   0. -57.

  0.   0.   0.   0.   0. -73.   0.   0.   0. -56.

  0.   0.   0. -94.   0.   0. -94.   0.   0. -67.

  0.   0. -94.   0. -91. -80. -85.   0.   0.   0.

  0.   0.   0.   0.   0. -70.   0. -79.   0. -53.

-96. -99.   0.   0.   0. -88.   0. -89.   0. -51.

  0.   0.   0.   0.   0. -72.   0. -80.   0. -52.

-80.   0. -96.   0.   0. -94.   0.   0.   0.   0.

  0.   0. -92.   0.   0.   0.   0. -77.   0. -54.

-85.   0. -95.   0.   0. -77.   0. -87.   0.   0.

  0.   0.   0.   0.   0.   0.   0. -80.   0. -76.

  0.   0.   0.   0.   0. -86. -79. -91.   0. -69.

  0.   0.   0.   0. -80. -84.   0.   0.   0. -61.

  0.   0.   0.   0.   0.   0.   0.   0.   0. -70.

  0.   0.   0. -81.   0.   0.   0.   0.   0. -80.

  0.   0. -91.   0.   0. -89. -92.   0.   0. -59.

  0.   0.   0.   0.   0. -82.   0. -73.   0. -53.

  0.   0.   0.   0.   0.   0.   0.   0.   0. -73.

  0.   0.   0.   0.   0. -78.   0. -77.   0. -74.

  0.   0.   0.   0.   0.   0.   0. -94.   0.   0.

  0.   0.   0.   0.   0. -78.   0.   0.   0. -86.

  0.   0. -93.   0.   0. -80.   0.   0.   0. -73.

-83.   0.   0.   0. -96.   0.   0. -80.   0. -67.

  0.   0.   0.   0.   0. -87. -70. -92.   0. -59.

  0.   0. -82.   0.   0.   0.   0. -91.   0. -81.

  0. -84.   0.   0.   0. -84.   0. -94.   0. -79.

  0. -81. -75.   0.   0. -70.   0. -89.   0. -75.

  0.   0.   0.   0.   0. -79.   0. -88.   0. -88.

-86.   0. -75.   0.   0. -72.   0.   0.   0.   0.

  0.   0. -79.   0.   0.   0.   0. -85.   0. -66.

  0. -90. -80.   0.   0. -68.   0. -95.   0. -74.

-82.   0.   0.   0.   0. -80.   0. -71.   0.   0.

  0.   0.   0.   0.   0. -91.   0. -70.   0. -82.

  0.   0.   0. -94.   0.   0. -92. -79.   0. -67.

  0.   0. -92.   0.   0. -85.   0.   0.   0. -52.

  0.   0. -81. -87.   0. -70.   0.   0.   0. -71.

  0.   0.   0.   0.   0. -74.   0. -85.   0. -80.

  0. -95.   0. -78.   0.   0.   0.   0.   0.   0.

  0.   0.   0.   0.   0.   0.   0. -93.   0. -68.

  0.   0. -95.   0.   0.   0.   0.   0.   0.   0.

  0.   0.   0.   0.   0. -67.   0.   0.   0. -78.

-78.   0.   0.   0.   0.   0.   0. -82.   0. -70.

  0.   0.   0.   0.   0. -88.   0.   0.   0. -68.

  0.   0.   0.   0. -95.   0.   0. -79.   0. -79.

  0.   0.   0.   0.   0. -89.   0.   0.   0.   0.

  0.   0.   0.   0. -78. -85.   0. -74.   0. -69.

  0.   0.   0.   0.   0. -85. -96.   0.   0. -89.

  0.   0.   0.   0.   0. -69.   0.   0.   0.   0.

  0.   0.   0.   0.   0.   0. -94. -91.   0. -73.

  0.   0.   0.   0.   0. -69.   0. -90.   0.   0.

-94.   0.   0. -87.   0. -82. -88.   0.   0. -67.

  0.   0.   0.   0. -78.   0. -95. -80.   0. -77.

   0.    0. -103.    0.    0.  -81.    0.    0.    0.  -77.

  0.   0.   0.   0.   0. -63. -94. -97.   0.   0.

  0.   0.   0.   0.   0. -65.   0.   0.   0. -79.

  0.   0.   0.   0.   0. -65.   0. -92.   0.   0.

  0.   0.   0.   0.   0. -71.   0. -96.   0.   0.

  0.   0.   0.   0. -74. -69. -90. -91.   0.   0.

  0.   0.   0.   0.   0.   0.   0. -90.   0. -80.

  0.   0.   0.   0. -95.   0.   0. -96.   0. -62.

  0.   0.   0.   0.   0. -69.   0. -83.   0.   0.

  0.   0.   0.   0.   0. -69.   0. -79.   0.   0.

  0.   0.   0.   0.   0. -72.   0. -82.   0.   0.

  0.   0.   0.   0.   0. -67.   0.   0.   0. -60.

  0.   0.   0.   0. -84. -67.   0.   0.   0. -77.

  0.   0.   0.   0. -79. -63.   0.   0.   0. -61.

  0.   0.   0.   0.   0.   0.   0.   0.   0. -61.

  0.   0.   0.   0.   0. -62.   0. -91.   0. -75.

-84.   0.   0.   0. -82. -78.   0.   0.   0. -72.

-95.   0.   0.   0.   0. -82.   0. -79.   0. -77.

-76.   0.   0.   0.   0.   0.   0.   0.   0. -63.

  0.   0.   0.   0.   0. -71.   0. -83.   0. -68.

 0.  0.  0.  0.  0.  0.  0.  0.  0.  0.

  0.   0.   0.   0.   0. -84.   0.   0.   0. -72.

  0.   0.   0.   0. -95.   0. -76. -78.   0. -68.

  0.   0. -75. -98.   0. -89. -71.   0.   0. -76.

  0.   0. -79.   0. -91.   0. -87. -97.   0.   0.

  0.   0.   0. -77.   0. -73. -92.   0.   0. -73.

-81. -78.   0.   0.   0. -75.   0.   0.   0. -62.

-93.   0.   0.   0.   0.   0.   0.   0.   0. -80.

  0.   0.   0.   0.   0. -69. -94.   0.   0.   0.

   0.    0. -101.    0.    0.  -89.    0.    0.    0.  -62.

  0.   0.   0.   0.   0. -92. -95. -83.   0. -72.

  0. -95. -80.   0.   0. -63.   0. -92.   0.   0.

  0.   0. -97.   0.   0. -83.   0.   0.   0. -83.

  0.   0.   0.   0.   0. -84.   0. -81.   0.   0.

-91.   0.   0.   0.   0. -66.   0.   0.   0. -79.

-91.   0. -83.   0.   0.   0. -83.   0.   0. -63.

  0.   0. -96.   0.   0. -88.   0. -85.   0. -79.

-81.   0.   0.   0.   0.   0.   0.   0.   0. -63.

-84.   0.   0.   0.   0.   0. -80.   0.   0. -55.

  0.   0. -80.   0. -97. -65.   0.   0.   0. -78.

  0.   0.   0.   0.   0.   0. -88. -94.   0. -68.

  0.   0. -93. -88.   0.   0.   0. -97.   0. -75.

  0.   0. -90.   0. -92. -79.   0. -76.   0. -74.

  0.   0.   0.   0.   0. -75.   0. -82.   0. -71.

  0.   0.   0.   0.   0.   0.   0.   0.   0. -73.

  0.   0.   0.   0.   0. -69.   0.   0.   0. -61.

-82.   0.   0.   0.   0. -87.   0. -82.   0. -87.

-96.   0.   0.   0.   0. -81.   0. -91.   0. -80.

  0.   0.   0.   0.   0. -84.   0.   0.   0. -83.

-96.   0. -86.   0.   0. -85.   0.   0.   0. -60.

  0.   0. -95.   0. -94. -75.   0.   0.   0. -61.

  0.   0. -80.   0.   0. -66.   0. -81.   0. -82.

  0.   0.   0.   0.   0. -79.   0.   0.   0.   0.

  0.   0.   0.   0.   0.   0.   0. -88.   0. -60.

