-74.   0. -46. -80. -90.   0.   0.   0.   0.   0.

-69. -86. -62. -67. -73. -96.   0.   0.   0.   0.

-82. -67.   0. -66. -75. -83.   0.   0.   0.   0.

-80. -78.   0.   0. -73.   0.   0.   0.   0.   0.

  0. -59.   0. -64. -91.   0.   0.   0.   0.   0.

-69.   0. -64. -77. -86.   0.   0.   0.   0.   0.

  0. -79. -71. -61. -71.   0.   0.   0.   0.   0.

-62. -68.   0. -81.   0.   0. -85.   0.   0.   0.

-76. -79. -69. -79. -89. -83.   0.   0.   0.   0.

  0. -84. -73.   0. -89.   0.   0.   0.   0.   0.

-79.   0. -57. -59.   0.   0.   0.   0.   0.   0.

  0.   0. -67. -90. -94.   0.   0.   0.   0.   0.

-75. -70. -55. -84.   0.   0.   0.   0.   0.   0.

-81. -85. -70. -82.   0.   0.   0.   0.   0.   0.

-82. -88.   0. -84.   0.   0.   0.   0.   0.   0.

  0. -83.   0. -71. -85.   0.   0.   0.   0.   0.

-79.   0. -66. -70. -86.   0.   0.   0.   0.   0.

-64.   0. -64. -83. -91.   0.   0.   0.   0.   0.

-86. -90.   0.   0. -86.   0.   0.   0.   0.   0.

-61. -68.   0. -74. -74.   0.   0.   0.   0.   0.

  0.   0. -48. -63. -84. -86.   0.   0.   0.   0.

-80. -67. -47. -84.   0.   0.   0.   0.   0.   0.

  0. -69. -66. -73.   0. -80.   0.   0.   0.   0.

  0. -94.   0. -63. -80.   0.   0.   0.   0.   0.

-70.   0. -53.   0. -86.   0.   0.   0.   0.   0.

  0. -88. -60. -70. -76.   0.   0.   0.   0.   0.

-83.   0. -46.   0. -85.   0.   0.   0.   0.   0.

-77. -68.   0.   0. -92.   0.   0.   0.   0.   0.

-80.   0.   0.   0.   0. -86.   0.   0.   0.   0.

-84. -64. -66.   0. -74.   0.   0.   0.   0.   0.

-76. -82. -48.   0. -74. -85.   0.   0.   0.   0.

-61. -71. -67. -87. -88.   0.   0.   0.   0.   0.

-70.   0. -53. -73. -79. -85.   0.   0.   0.   0.

-78. -91.   0. -82. -88.   0.   0.   0.   0.   0.

  0. -73. -69.   0.   0.   0.   0.   0.   0.   0.

  0. -81. -48. -80.   0.   0.   0.   0.   0.   0.

-63. -95. -66. -77. -78.   0.   0.   0.   0.   0.

-66.   0. -49.   0. -88.   0.   0.   0.   0.   0.

-83. -75. -67. -90.   0.   0.   0.   0.   0.   0.

-69. -89. -67. -94. -68.   0.   0.   0.   0.   0.

  0. -76. -64. -84. -89.   0.   0.   0.   0.   0.

  0.   0. -64. -85. -85.   0.   0.   0.   0.   0.

-63.   0. -51.   0. -84.   0.   0.   0.   0.   0.

-82.   0.   0. -63.   0.   0.   0.   0.   0.   0.

-63.   0. -62.   0. -73. -83. -85.   0.   0.   0.

-83.   0. -68.   0. -74.   0.   0.   0.   0.   0.

-67.   0. -68.   0.   0.   0.   0.   0.   0.   0.

  0.   0.   0. -70.   0.   0.   0.   0.   0.   0.

  0. -94. -70. -80. -97.   0. -86. -96.   0.   0.

-62. -90. -62. -61.   0. -95.   0.   0.   0.   0.

  0. -77.   0. -81. -72. -96.   0.   0.   0.   0.

 -72.    0.  -63.  -79. -100.  -81.    0.    0.    0.    0.

  0. -97. -46. -65.   0. -83.   0.   0.   0.   0.

  0. -87. -46. -65.   0.   0.   0.   0.   0.   0.

-68.   0. -48.   0. -70.   0.   0.   0.   0.   0.

-61.   0. -46. -73.   0.   0.   0. -91.   0.   0.

-87. -71. -65. -81.   0.   0. -99. -94.   0.   0.

 -83.    0.  -66.  -85.    0. -100.    0.  -84.    0.    0.

-82. -91.   0. -66.   0.   0.   0.   0.   0.   0.

  0. -88.   0.   0. -91.   0.   0.   0.   0.   0.

  0.   0. -58. -78.   0.   0.   0.   0.   0.   0.

-63.   0. -63.   0.   0. -85.   0.   0.   0.   0.

-68. -69. -59. -82. -77.   0.   0.   0.   0.   0.

-65. -66. -60. -92.   0. -86.   0.   0.   0.   0.

  0.   0. -62. -80. -79.   0.   0.   0.   0.   0.

  0.   0. -43. -82. -90.   0.   0.   0.   0.   0.

  0. -80. -60. -61. -91. -82.   0.   0.   0.   0.

  0. -74. -60. -85. -86. -82.   0.   0.   0.   0.

  0. -83. -64.   0.   0.   0.   0.   0.   0.   0.

  0. -77. -60. -77. -71.   0.   0.   0.   0.   0.

-60. -79. -61. -61. -66.   0.   0.   0.   0.   0.

  0.   0. -41. -78. -86.   0.   0. -92.   0.   0.

  0. -74. -42. -85. -82.   0.   0.   0.   0.   0.

-68. -81. -62. -82.   0. -84.   0.   0.   0.   0.

-59. -83. -44. -81. -82.   0.   0.   0.   0.   0.

-67. -82.   0. -80.   0.   0.   0.   0.   0.   0.

  0.   0. -61.   0. -72.   0.   0.   0.   0.   0.

-83. -80. -43. -79.   0.   0.   0.   0.   0.   0.

  0. -86. -61.   0. -69.   0.   0. -96.   0.   0.

-82.   0. -45. -70. -73.   0.   0.   0.   0.   0.

-80.   0.   0. -75. -73.   0.   0.   0.   0.   0.

-78.   0. -59.   0.   0.   0.   0.   0.   0.   0.

-77.   0. -60. -79. -69.   0.   0.   0.   0.   0.

  0. -78. -63.   0.   0.   0.   0.   0.   0.   0.

  0. -60.   0.   0.   0.   0.   0.   0.   0.   0.

  0. -81. -63. -57.   0.   0.   0.   0.   0.   0.

 -81.  -64.  -42.  -59.  -74.  -96. -100.    0.    0.    0.

  0. -79. -40. -75. -90.   0.   0.   0.   0.   0.

  0. -63. -44. -81. -87. -99.   0.   0.   0.   0.

-67. -83.   0. -81.   0.   0.   0.   0.   0.   0.

  0. -62. -59. -70.   0.   0.   0.   0.   0.   0.

-64. -64.   0.   0.   0.   0.   0.   0.   0.   0.

  0. -85. -42. -80. -85.   0. -81.   0.   0.   0.

-79. -81.   0.   0. -74.   0.   0.   0.   0.   0.

-80. -85. -60. -57. -96.   0.   0.   0.   0.   0.

-62. -74. -59. -87.   0.   0.   0.   0.   0.   0.

-74. -69. -42. -89.   0.   0. -99.   0.   0.   0.

-82. -60. -43. -80.   0.   0.   0.   0.   0.   0.

-81. -68. -59.   0. -74. -85.   0. -90.   0.   0.

-79. -73. -62. -65. -89.   0.   0.   0.   0.   0.

  0. -71. -49. -70.   0.   0.   0.   0.   0.   0.

-59. -84. -66.   0.   0.   0.   0.   0.   0.   0.

-75. -65. -44. -80. -68.   0.   0.   0.   0.   0.

  0. -68. -47. -85. -85.   0.   0.   0.   0.   0.

-59. -87.   0. -79. -89.   0.   0.   0.   0.   0.

-62. -72. -44.   0.   0.   0.   0.   0.   0.   0.

-87. -65. -46. -68.   0.   0.   0.   0.   0.   0.

  0.   0. -61. -72. -91.   0.   0.   0.   0.   0.

-62. -68. -66.   0. -88.   0. -86.   0.   0.   0.

