-92. -67. -86.   0. -61. -66. -72. -93.   0. -71.

  0. -73.   0. -70. -62. -70. -69. -88.   0. -91.

  0.   0.   0.   0. -47.   0.   0. -85.   0.   0.

  0. -75.   0.   0. -61.   0.   0. -86.   0.   0.

  0. -68. -87.   0.   0.   0.   0. -68.   0.   0.

-77.   0. -84. -58.   0. -82.   0.   0.   0.   0.

  0.   0. -76. -66. -43. -72.   0.   0.   0. -95.

-69. -91. -76.   0. -60. -69.   0. -71.   0.   0.

  0.   0.   0. -78.   0. -69.   0.   0.   0.   0.

  0.   0.   0.   0. -61. -90. -87. -88.   0.   0.

-90. -85.   0. -66. -41. -93. -92. -71.   0.   0.

-93. -82.   0.   0.   0.   0.   0.   0.   0.   0.

  0. -81.   0. -81.   0. -74. -98.   0.   0.   0.

-95.   0. -60. -72. -71. -90. -89. -70.   0.   0.

  0. -77. -67. -75. -41.   0. -69.   0.   0.   0.

  0. -78. -73.   0. -68.   0. -67.   0.   0. -96.

-81.   0.   0. -78. -68.   0. -86. -76.   0.   0.

  0. -93.   0. -75. -49. -82. -83.   0.   0.   0.

-92.   0. -92.   0. -43. -73.   0. -92.   0.   0.

-80. -83.   0. -72. -44.   0.   0.   0.   0.   0.

  0. -79. -88. -73. -47. -73.   0.   0.   0.   0.

  0.   0. -67.   0.   0.   0.   0. -88.   0.   0.

  0.   0. -73. -73. -73. -84. -74.   0.   0.   0.

  0. -88. -68. -78. -70. -81.   0. -93.   0.   0.

  0. -69.   0. -76. -60. -71.   0. -74.   0. -98.

  0.   0. -82. -75.   0. -91.   0.   0.   0.   0.

  0.   0. -70. -62. -62. -88. -95.   0.   0.   0.

  0.   0. -65. -75. -65.   0.   0. -81.   0.   0.

-77. -71. -76. -76.   0.   0.   0. -92.   0.   0.

  0.   0.   0. -73. -54. -72.   0.   0.   0.   0.

  0.   0.   0. -61. -51.   0.   0.   0.   0. -83.

  0. -93.   0. -80.   0.   0.   0.   0.   0.   0.

  0.   0.   0. -58. -47. -89.   0.   0.   0. -97.

-74. -73.   0.   0. -48.   0.   0. -92.   0.   0.

  0.   0.   0. -61. -75.   0.   0.   0.   0.   0.

-91. -85.   0.   0. -52. -90.   0. -73.   0.   0.

  0.   0. -87. -71. -62.   0. -68.   0.   0.   0.

-79.   0. -68. -60. -50.   0. -87.   0.   0.   0.

  0.   0. -76.   0.   0.   0.   0.   0.   0.   0.

  0. -70. -90.   0. -45. -86. -91.   0.   0. -76.

  0. -95.   0.   0. -66. -70. -69.   0.   0. -77.

-81. -92. -66. -71. -41. -90.   0.   0.   0.   0.

  0.   0.   0.   0.   0.   0. -79.   0.   0. -73.

   0. -101.  -64.  -56.  -52.    0.    0.    0.    0.    0.

  0. -97.   0. -78.   0. -70. -71.   0.   0.   0.

  0.   0. -58. -61. -45. -90. -84.   0.   0.   0.

  0.   0.   0. -62.   0.   0. -84.   0.   0.   0.

-69.   0.   0.   0. -46.   0.   0. -79.   0.   0.

  0.   0.   0. -58. -67. -81.   0.   0.   0.   0.

  0. -82. -89. -64. -71.   0.   0. -90.   0.   0.

-83. -89. -74. -93. -46. -88. -80.   0.   0.   0.

   0.    0.  -67.  -74.  -61.    0.    0.    0.    0. -100.

-76. -92. -79.   0.   0.   0.   0.   0.   0.   0.

  0.   0.   0.   0. -49. -76.   0.   0.   0.   0.

-92.   0. -83. -53. -47.   0. -93.   0.   0.   0.

  0.   0. -80. -79.   0.   0.   0.   0.   0. -80.

-88.   0.   0. -74. -75. -82. -81.   0.   0.   0.

-80.   0. -66.   0. -50. -79.   0.   0.   0.   0.

  0.   0. -71. -74. -54.   0. -84. -95.   0.   0.

-80.   0.   0.   0.   0. -83.   0.   0.   0.   0.

  0.   0.   0.   0. -55.   0. -81.   0.   0.   0.

-90.   0.   0.   0. -65. -85. -93. -91.   0. -80.

  0. -70. -62. -79.   0. -85. -96.   0.   0.   0.

  0. -94.   0. -71. -62. -68. -87.   0.   0.   0.

  0.   0. -73. -60. -56. -75.   0. -78.   0. -77.

  0. -79. -85. -74. -68.   0. -70. -89.   0.   0.

  0. -94. -67. -59.   0.   0. -93. -73.   0. -73.

-76.   0. -62.   0. -45. -79. -77.   0.   0.   0.

  0.   0.   0.   0.   0. -82. -75.   0.   0.   0.

-70.   0. -90. -54. -75.   0. -92.   0.   0.   0.

  0. -96.   0. -70. -46. -63. -94.   0.   0.   0.

-92.   0. -87.   0. -53. -69.   0. -75.   0. -92.

  0.   0. -87. -73. -43. -64.   0.   0.   0.   0.

  0.   0. -66. -77.   0. -89. -77.   0.   0. -81.

-82. -94. -83. -74. -64.   0.   0. -79.   0.   0.

-76. -74.   0.   0. -42. -74. -73. -78.   0.   0.

  0. -80. -61. -74. -71. -89.   0. -81.   0. -75.

  0.   0. -80.   0. -64.   0. -72.   0.   0.   0.

-86.   0. -81. -55. -51. -66.   0.   0.   0.   0.

-84. -80.   0. -78. -52.   0. -82.   0.   0.   0.

  0.   0. -90. -76. -52.   0.   0.   0.   0.   0.

  0. -82. -69. -76. -65.   0.   0. -74.   0.   0.

  0. -80. -69.   0.   0.   0. -71.   0.   0.   0.

  0. -71.   0. -76.   0. -96.   0.   0.   0.   0.

  0. -87.   0. -60. -45.   0.   0. -89.   0.   0.

-100.  -91.  -68.  -56.  -44.    0.  -71.  -97.    0.    0.

-85.   0.   0. -58. -72.   0. -87.   0.   0.   0.

-86. -68. -62.   0.   0.   0.   0. -79.   0. -79.

  0.   0. -79. -74. -67.   0. -83.   0.   0.   0.

  0. -68. -78.   0. -73. -84.   0. -87.   0.   0.

-76.   0.   0.   0. -74.   0. -92.   0.   0.   0.

  0. -87.   0. -77. -67.   0.   0.   0.   0.   0.

-88. -72. -81. -81. -70. -83. -79.   0.   0.   0.

-70. -67.   0.   0.   0.   0.   0. -90.   0.   0.

  0.   0.   0. -61. -48.   0.   0.   0.   0.   0.

  0. -79. -90. -59. -50.   0. -71.   0.   0.   0.

  0. -90. -66. -58. -49.   0. -79.   0.   0.   0.

  0. -87. -79. -75. -68. -78.   0.   0.   0.   0.

-71.   0. -62. -77.   0.   0. -77.   0.   0.   0.

  0. -73.   0.   0.   0.   0. -88.   0.   0.   0.

  0.   0. -72. -78.   0.   0.   0. -79.   0.   0.

  0. -71.   0.   0. -65. -92. -84. -96.   0.   0.

-95.   0. -87.   0. -72.   0.   0. -80.   0.   0.

-78. -72. -84.   0. -45. -87.   0.   0.   0.   0.

-76.   0.   0. -67. -66.   0.   0.   0.   0.   0.

-89. -89.   0. -80.   0.   0. -88.   0.   0.   0.

  0. -81. -83. -59. -47.   0.   0.   0.   0.   0.

-78. -83.   0. -77.   0. -87. -73.   0.   0. -97.

  0.   0. -93. -78.   0.   0.   0.   0.   0.   0.

-72.   0.   0. -60.   0. -87. -82.   0.   0.   0.

  0. -97. -95.   0. -75. -83.   0.   0.   0.   0.

-89.   0. -81. -74. -53. -61.   0.   0.   0. -94.

  0. -95. -63. -76. -69.   0. -77.   0.   0.   0.

  0.   0. -64. -56. -54. -92. -80.   0.   0.   0.

-70.   0.   0. -76. -67.   0. -76.   0.   0.   0.

  0.   0.   0. -66. -64.   0.   0. -94.   0.   0.

  0.   0. -79. -77. -71.   0.   0. -78.   0.   0.

  0.   0. -70. -79. -66. -85.   0.   0.   0.   0.

-80. -68. -81. -59. -52. -81.   0. -92.   0.   0.

  0.   0.   0. -72. -52. -91. -72.   0.   0.   0.

  0. -78. -98. -73. -70.   0.   0.   0.   0.   0.

  0.   0. -73.   0. -57.   0.   0. -73.   0.   0.

-87.   0.   0. -62. -48.   0. -86. -74.   0. -85.

  0.   0.   0. -80. -48.   0.   0.   0.   0. -81.

  0.   0. -66.   0. -49.   0. -92.   0.   0.   0.

-91.   0.   0. -70. -75.   0.   0.   0.   0.   0.

  0.   0. -80. -80. -48.   0. -93.   0.   0.   0.

  0.   0.   0. -62. -62.   0.   0.   0.   0. -90.

  0.   0.   0.   0. -50.   0. -74. -70.   0. -81.

  0. -99.   0. -70. -65. -79.   0.   0.   0. -94.

-87.   0. -63. -70. -67. -75.   0.   0.   0.   0.

  0.   0.   0. -70. -46.   0. -89.   0.   0.   0.

  0. -91. -89.   0.   0.   0.   0.   0.   0.   0.

  0.   0.   0. -58. -73. -68. -65.   0.   0.   0.

  0.   0.   0. -81.   0.   0.   0.   0.   0. -94.

  0. -91. -82.   0. -73. -72. -82.   0.   0.   0.

  0. -89. -74. -53.   0.   0.   0.   0.   0.   0.

  0. -94.   0. -61. -68. -89. -86. -77.   0.   0.

-75.   0. -68. -76. -67.   0.   0.   0.   0.   0.

-69.   0. -82. -59. -48.   0. -80. -84.   0.   0.

-95. -89. -67.   0. -66. -84.   0. -93.   0.   0.

-97.   0. -80. -73. -69.   0.   0.   0.   0.   0.

  0.   0.   0. -80.   0.   0.   0. -74.   0.   0.

  0. -73. -78. -74.   0.   0.   0.   0.   0.   0.

  0. -77. -79.   0. -71.   0. -94.   0.   0. -94.

-88.   0.   0.   0.   0.   0. -87. -93.   0.   0.

  0.   0. -81. -63.   0.   0. -89. -95.   0. -97.

  0.   0. -71. -69. -66. -76. -79.   0.   0. -93.

  0.   0. -69. -59.   0.   0.   0. -72.   0. -94.

  0.   0.   0. -66.   0.   0. -78.   0.   0.   0.

-95. -90.   0. -76. -60.   0. -81.   0.   0.   0.

-88. -78. -67. -56. -46. -98. -73.   0.   0. -95.

  0.   0. -67. -61.   0.   0. -92.   0.   0. -91.

-75.   0. -68.   0. -48.   0. -77.   0.   0. -80.

  0.   0. -60. -75. -63. -90. -70. -87.   0.   0.

-73. -76. -80. -57.   0.   0.   0.   0.   0.   0.

  0. -77.   0. -52. -67. -85.   0. -80.   0.   0.

-71. -69. -81. -57.   0. -69. -88.   0.   0. -91.

-79.   0. -79.   0. -63. -78. -73. -85.   0. -93.

-73.   0.   0. -53.   0.   0. -75.   0.   0. -78.

  0. -71. -80. -73. -65.   0. -74. -88.   0.   0.

  0. -89. -70. -77.   0.   0. -72.   0.   0.   0.

-88. -78.   0. -64. -69. -90. -72.   0.   0. -88.

-90.   0. -73. -59. -62. -94.   0. -91.   0.   0.

-72.   0.   0.   0.   0. -89.   0.   0.   0.   0.

  0.   0. -68.   0. -55.   0.   0.   0.   0.   0.

  0. -89. -65. -54. -63. -62.   0.   0.   0.   0.

  0. -77.   0.   0.   0. -84.   0.   0.   0.   0.

-71. -88.   0. -76.   0. -70.   0. -97.   0. -79.

-79.   0. -83.   0.   0. -95.   0.   0.   0. -95.

  0.   0. -84.   0. -47.   0.   0. -73.   0. -79.

-66.   0.   0. -79. -63. -69. -76.   0.   0. -96.

-68.   0. -91.   0. -57. -77. -89. -89.   0. -75.

  0. -81. -65. -81.   0. -86. -84. -90.   0.   0.

  0. -75. -77.   0. -52.   0. -89.   0.   0. -90.

-81. -73. -66. -65. -61. -97.   0. -80.   0.   0.

-85.   0. -90. -53. -66. -85. -95. -92.   0. -79.

  0.   0.   0. -78. -56. -68.   0.   0.   0. -79.

-77.   0.   0. -64.   0. -85.   0.   0.   0.   0.

-86.   0. -76.   0. -65.   0. -75.   0.   0. -93.

  0.   0. -70. -82. -75.   0.   0.   0.   0.   0.

