  0.   0. -63. -71.   0.   0.   0.   0.   0.   0.

-60. -77. -85.   0.   0.   0.   0.   0.   0.   0.

-53. -75. -71.   0.   0.   0.   0.   0.   0.   0.

-63. -93. -85.   0.   0.   0.   0.   0.   0.   0.

-56. -68. -74. -83.   0.   0.   0.   0.   0.   0.

-51. -83. -81. -80.   0.   0.   0.   0.   0.   0.

-63. -80.   0. -73.   0.   0.   0.   0.   0.   0.

-75.   0.   0. -91.   0.   0.   0.   0.   0.   0.

  0. -59.   0.   0. -90.   0.   0.   0.   0.   0.

-89. -73. -75.   0. -83.   0.   0.   0.   0.   0.

  0. -88.   0.   0.   0.   0.   0.   0.   0.   0.

  0. -84. -55. -84.   0.   0.   0.   0.   0.   0.

-89. -70. -62. -82. -84.   0.   0. -99.   0.   0.

-92. -72.   0. -81. -61.   0.   0. -82.   0.   0.

  0. -95. -69. -58. -63.   0.   0.   0.   0. -96.

-85.   0. -97. -73. -66. -83.   0. -73.   0.   0.

  0. -84. -88. -79. -68.   0. -78. -77.   0.   0.

  0.   0.   0.   0. -63. -99. -71. -94.   0.   0.

  0.   0. -88.   0. -77. -88.   0. -80.   0.   0.

  0.   0.   0. -77. -81.   0. -84. -74.   0.   0.

-95.   0.   0. -88. -66.   0. -86.   0.   0.   0.

  0.   0.   0.   0.   0.   0.   0. -83.   0. -91.

  0.   0.   0. -97.   0.   0.   0. -74.   0.   0.

  0.   0.   0.   0.   0.   0. -84.   0.   0. -95.

  0.   0.   0. -83.   0. -91.   0. -74.   0.   0.

  0.   0. -95.   0.   0.   0.   0.   0.   0.   0.

  0.   0.   0.   0.   0. -75. -68.   0.   0.   0.

  0.   0.   0.   0. -81. -86. -85.   0.   0. -86.

 0.  0.  0.  0.  0.  0.  0.  0.  0.  0.

  0.   0.   0.   0.   0. -70. -67. -75.   0.   0.

  0.   0.   0.   0. -95. -95. -89.   0.   0.   0.

  0.   0.   0.   0. -80.   0.   0.   0.   0. -95.

  0.   0.   0.   0.   0.   0.   0. -75.   0.   0.

  0.   0.   0.   0. -79. -92. -63. -80.   0.   0.

  0.   0.   0.   0.   0. -73. -80. -68.   0.   0.

-92. -78. -90.   0.   0.   0. -90. -79.   0. -75.

  0. -82.   0.   0.   0. -78.   0. -71.   0.   0.

-84.   0.   0.   0. -86.   0. -75.   0.   0.   0.

  0.   0.   0.   0. -91. -97. -78.   0.   0.   0.

