[-68. -79. -86. -95. -79. -72. -43. -58.   0.   0.]
[-68.   0.   0.   0. -67. -71. -42. -98.   0.   0.]
[-79.   0. -79. -92.   0. -83. -43.   0.   0.   0.]
[-93.   0. -74.   0. -84. -87. -59. -71.   0.   0.]
[  0. -94.   0. -76. -78.   0. -47. -70.   0.   0.]
[-97.   0.   0. -90.   0. -88.   0. -72.   0. -90.]
[  0.   0.   0. -78. -81. -68. -47. -74.   0. -77.]
[  0.   0.   0.   0. -60. -69.   0. -72.   0.   0.]
[-76.   0. -75. -75. -81.   0. -45. -57.   0.   0.]
[  0.   0. -70.   0.   0.   0. -47. -70.   0.   0.]
[  0. -83. -81.   0.   0. -70.   0.   0.   0. -95.]
[-79.   0.   0.   0. -60.   0. -54. -78.   0. -92.]
[  0.   0. -74. -87. -82. -68.   0. -60.   0.   0.]
[-90. -76.   0.   0.   0.   0. -62. -59.   0. -95.]
[  0.   0. -94. -77. -67. -73.   0. -70.   0.   0.]
[  0. -87.   0. -78. -83.   0. -50. -61.   0.   0.]
[  0.   0. -74.   0.   0.   0. -64. -79.   0.   0.]
[-78.   0. -88.   0.   0.   0. -49. -72.   0. -91.]
[-87.   0.   0. -84. -69. -83. -44. -65.   0. -72.]
[  0.   0. -90.   0.   0.   0. -46.   0.   0.   0.]
[-85. -91.   0.   0. -79. -87.   0. -53.   0. -91.]
[  0.   0. -75.   0. -73. -81. -61. -71.   0. -95.]
[  0.   0. -90.   0.   0.   0.   0. -62.   0. -91.]
[  0.   0.   0.   0. -84.   0. -55.   0.   0. -76.]
[  0. -77.   0.   0. -80. -76. -69. -61.   0. -75.]
[  0. -79. -84. -80. -78. -82.   0.   0.   0. -79.]
[-89. -95.   0.   0.   0.   0. -50. -68.   0.   0.]
[-77. -96. -91.   0. -67.   0. -62.   0.   0. -87.]
[-86.   0. -69.   0.   0. -91. -40.   0.   0. -91.]
[  0.   0. -77. -83. -64. -84. -57. -77.   0. -81.]
[  0.   0.   0.   0.   0. -88. -61. -61.   0.   0.]
[-84. -87. -96.   0. -84.   0. -48.   0.   0.   0.]
[  0. -78. -67. -82. -69. -91.   0. -77.   0. -96.]
[-82. -75. -90. -83. -79. -70.   0. -76.   0.   0.]
[-75.   0.   0. -79. -82. -86. -63.   0.   0.   0.]
[  0. -74. -76. -96. -76. -87. -62. -82.   0.   0.]
[  0.   0.   0. -84.   0. -79. -64. -75.   0. -90.]
[  0. -72. -75. -91. -79. -85. -65.   0.   0.   0.]
[-84. -91.   0. -89. -80.   0. -48. -75.   0. -73.]
[  0. -74. -93.   0.   0. -69. -61. -57.   0. -94.]
[  0.   0. -87.   0. -80. -95.   0. -62.   0.   0.]
[-79.   0.   0. -91. -67. -92. -65.   0.   0.   0.]
[-94.   0. -89. -94. -93.   0. -63. -77.   0. -68.]
[-90.   0.   0. -78. -79. -89. -52. -56.   0. -83.]
[  0. -82. -78. -87.   0.   0.   0. -58.   0.   0.]
[  0.   0. -86.   0. -89.   0. -63. -72.   0.   0.]
[  0.   0. -88. -88. -66. -65.   0.   0.   0.   0.]
[  0.   0.   0.   0. -84. -69. -47.   0.   0.   0.]
[  0. -94. -90.   0. -85.   0.   0. -61.   0.   0.]
[-93.   0. -73.   0. -77. -70. -65. -73.   0. -84.]
[  0.   0.   0.   0. -81. -91. -65.   0.   0. -85.]
[  0.   0.   0.   0. -89.   0.   0.   0.   0. -90.]
[-80.   0. -72.   0. -78.   0. -44. -73.   0. -94.]
[  0. -91.   0. -86.   0. -83. -46. -60.   0.   0.]
[-80. -88. -89. -90.   0.   0. -64. -72.   0. -69.]
[  0. -79. -70. -82.   0.   0. -61. -62.   0. -78.]
[-94.   0.   0. -86. -71.   0. -59. -56.   0.   0.]
[-91.   0. -71. -81. -87.   0. -60. -72.   0. -86.]
[-89. -92. -85. -81. -85.   0. -59. -76.   0.   0.]
[  0.   0. -78.   0.   0. -85. -44. -58.   0. -76.]
[  0. -94. -89.   0.   0. -89. -50. -72.   0. -74.]
[  0. -83. -79. -84. -62. -75. -67. -56.   0.   0.]
[  0. -80. -66.   0.   0.   0. -81. -73.   0. -69.]
[  0.   0. -84.   0.   0. -71.   0. -68.   0. -90.]
[-91. -88.   0. -95. -79.   0. -80. -61.   0.   0.]
[-90. -81.   0.   0.   0. -90. -70. -74.   0. -72.]
[  0. -81.   0.   0.   0.   0. -56.   0.   0.   0.]
[  0. -91. -89.   0.   0.   0.   0. -84.   0.   0.]
[  0.   0. -83.   0. -70.   0. -69.   0.   0. -77.]
[  0.   0.   0.   0. -80.   0.   0. -66.   0.   0.]
[  0.   0.   0.   0.   0.   0. -43. -71.   0. -76.]
[  0.   0.   0. -73.   0. -81. -49. -72.   0.   0.]
[  0.   0.   0.   0. -70. -68. -51. -77.   0. -83.]
[-93.   0. -71.   0.   0. -88. -50.   0.   0.   0.]
[  0.   0. -90. -91. -69.   0. -53. -56.   0. -93.]
[-77.   0. -66. -80. -82.   0. -51. -76.   0. -72.]
[  0.   0. -63. -90. -67.   0.   0. -55.   0. -89.]
[  0.   0. -65.   0.   0.   0. -76.   0.   0. -75.]
[  0.   0. -77.   0. -75.   0. -72.   0.   0.   0.]
[  0.   0.   0.   0. -84.   0. -52. -50.   0. -77.]
[  0.   0. -91.   0. -81. -90. -78. -52.   0. -87.]
[-79. -95. -78.   0. -74. -96.   0. -60.   0.   0.]
[  0. -83.   0.   0.   0.   0. -51. -75.   0. -93.]
[  0.   0.   0. -68. -68. -79. -67.   0.   0. -78.]
[  0. -89.   0.   0. -62. -79. -61. -71.   0.   0.]
[-85.   0.   0. -69.   0.   0. -53. -72.   0.   0.]
[  0. -72. -83. -88.   0. -88. -56. -68.   0. -90.]
[  0. -82.   0.   0.   0. -77. -79.   0.   0. -86.]
[-87. -95.   0. -93.   0.   0.   0. -79.   0. -74.]
[  0.   0. -85.   0.   0.   0. -74. -71.   0.   0.]
[  0.   0.   0. -70. -74. -96. -66. -56.   0.   0.]
[  0.   0.   0. -90.   0. -83.   0. -79.   0. -80.]
[-90.   0. -90.   0.   0.   0. -70. -79.   0. -82.]
[-87.   0. -81. -83. -61.   0. -75. -74.   0. -90.]
[-79.   0.   0. -68. -78. -81. -52. -86.   0. -94.]
[  0. -95. -68. -91. -72. -88.   0. -62.   0.   0.]
[-91.   0. -91. -88.   0. -70.   0. -74.   0.   0.]
[-80.   0. -80. -92. -67. -85.   0.   0.   0.   0.]
[  0. -95. -71. -89. -85.   0. -54. -60.   0.   0.]
[  0.   0.   0.   0. -85.   0. -60. -56.   0. -91.]
[-70.   0.   0. -83.   0. -87. -45. -59.   0. -89.]
[-89.   0.   0. -85. -81. -83. -78.   0.   0.   0.]
[  0. -86.   0.   0.   0. -68. -54. -87.   0. -72.]
[  0.   0.   0. -78.   0. -88. -67. -71.   0.   0.]
[  0.   0. -84. -88. -71. -91. -85. -79.   0.   0.]
[-72.   0.   0. -83.   0. -79.   0. -86.   0. -95.]
[-85.   0. -72. -81.   0.   0. -67. -62.   0.   0.]
[-78. -94. -94. -72.   0. -60. -70.   0.   0.   0.]
[-94. -91.   0. -89. -72. -86. -66. -74.   0.   0.]
[  0. -92.   0. -94. -72.   0. -62. -83.   0.   0.]
[  0.   0.   0.   0.   0. -84. -73.   0.   0.   0.]
[  0. -97. -76.   0.   0. -71. -79. -73.   0.   0.]
[  0.   0.   0. -92. -96. -77.   0. -73.   0. -78.]
[  0.   0. -88. -73. -77.   0.   0. -81.   0.   0.]
[  0.   0. -76.   0.   0. -88. -68. -81.   0. -75.]
[  0.   0.   0.   0.   0. -61. -70.   0.   0.   0.]
[  0.   0. -90. -89. -71. -78. -52. -76.   0. -86.]
[-89. -82. -79.   0. -83.   0. -61.   0.   0. -86.]
[  0.   0. -82.   0. -75.   0.   0.   0.   0.   0.]
[  0.   0. -92. -90.   0. -89.   0. -57.   0.   0.]
[  0.   0. -75. -93.   0.   0. -42. -75.   0. -89.]
[  0.   0.   0. -69.   0. -69. -64. -54.   0. -68.]
[  0.   0.   0.   0. -79.   0. -65. -85.   0. -70.]
[-80.   0. -73. -94. -94.   0.   0. -73.   0. -83.]
[  0.   0. -89. -90. -90.   0.   0. -71.   0.   0.]
[-79.   0. -93. -86.   0. -77. -70.   0.   0.   0.]
[-88.   0.   0.   0.   0. -73. -63.   0.   0.   0.]
[-88.   0. -86. -93. -65. -82. -58. -61.   0.   0.]
[  0.   0. -90. -79.   0.   0. -63. -79.   0.   0.]
[  0.   0.   0. -90.   0. -82. -65. -77.   0.   0.]
[-80.   0. -71.   0. -93. -75. -71. -56.   0.   0.]
[  0.   0. -97.   0. -70. -71.   0. -93.   0.   0.]
[  0.   0. -87. -94. -69. -90. -50.   0.   0. -84.]
[ -83.  -82.    0.    0.    0.    0.    0.  -63.    0. -100.]
[  0.   0. -82. -79. -88.   0.   0. -76.   0.   0.]
[  0.   0. -84.   0. -82.   0. -60. -62.   0.   0.]
[  0.   0. -86.   0.   0. -81. -76. -85.   0. -89.]
[-88.   0.   0. -94. -69. -93. -75.   0.   0.   0.]
[  0.   0. -74. -82.   0. -92.   0. -74.   0. -91.]
[  0.   0.   0.   0.   0. -93. -73. -63.   0.   0.]
[  0.   0. -87.   0.   0.   0. -58. -67.   0.   0.]
[  0.   0. -91. -79. -79. -79. -70.   0.   0.   0.]
[-93.   0.   0.   0.   0. -87. -58. -72.   0.   0.]
[-74.   0. -80. -69. -83. -75. -58.   0.   0.   0.]
[-90.   0. -89.   0. -71.   0. -54. -80.   0. -81.]
[  0.   0. -89.   0.   0. -68. -56. -65.   0.   0.]
