[  0.   0. -90.   0. -72.   0.   0. -71.   0.   0.]
[  0. -74. -76. -78. -68. -71. -51. -49.   0.   0.]
[  0. -92.   0. -90. -73. -84. -50.   0.   0.   0.]
[  0.   0. -71.   0. -84.   0. -52.   0.   0.   0.]
[-96. -89.   0.   0.   0.   0.   0. -63.   0.   0.]
[-92.   0.   0.   0.   0. -84. -52.   0.   0. -80.]
[  0.   0. -74.   0. -91. -71.   0.   0.   0.   0.]
[  0.   0. -73.   0. -73. -82. -73.   0.   0.   0.]
[-88. -78.   0. -80. -84. -82.   0.   0.   0. -91.]
[  0.   0. -94.   0. -88. -88. -56. -44.   0.   0.]
[  0.   0. -83.   0.   0. -79. -67.   0.   0. -73.]
[  0. -91. -91.   0. -84.   0. -54. -61.   0. -70.]
[  0. -90.   0.   0. -86.   0. -57.   0.   0. -85.]
[  0.   0.   0. -91. -83.   0.   0. -61.   0.   0.]
[  0.   0. -81.   0.   0. -85. -72. -50.   0.   0.]
[  0. -95. -72.   0.   0.   0. -59. -50.   0. -88.]
[-85.   0. -85. -94. -77. -88. -73.   0.   0. -72.]
[  0.   0.   0.   0.   0. -91. -73. -41.   0.   0.]
[  0.   0.   0.   0.   0. -73. -72. -45.   0.   0.]
[  0.   0.   0. -83. -86.   0.   0.   0.   0.   0.]
[-93.   0.   0. -79. -74. -82. -55. -62.   0.   0.]
[  0.   0.   0. -92.   0. -91. -56.   0.   0.   0.]
[  0.   0.   0.   0. -85. -74.   0. -49.   0.   0.]
[  0.   0.   0.   0. -78.   0.   0. -65.   0. -93.]
[-83.   0.   0.   0. -94. -81. -73.   0.   0. -77.]
[-94.   0. -80.   0. -88.   0. -72. -60.   0.   0.]
[  0.   0.   0. -83. -75. -84. -57. -64.   0.   0.]
[-83.   0.   0. -98. -93. -86. -59. -64.   0.   0.]
[  0.   0.   0.   0.   0.   0.   0. -61.   0.   0.]
[  0.   0. -90.   0. -81. -84. -78.   0.   0.   0.]
[-92. -93.   0. -86. -83.   0.   0.   0.   0.   0.]
[  0.   0.   0.   0. -65. -73. -55. -57.   0. -83.]
[  0. -94.   0.   0.   0. -78.   0. -61.   0.   0.]
[-81.   0.   0.   0. -79. -78. -71. -47.   0.   0.]
[  0.   0. -97.   0.   0.   0. -71. -60.   0.   0.]
[  0.   0.   0. -81. -85.   0. -70.   0.   0.   0.]
[  0.   0.   0.   0. -89.   0.   0. -62.   0. -94.]
[  0.   0. -94. -89.   0.   0. -54. -65.   0. -82.]
[  0.   0.   0.   0.   0. -68. -72. -62.   0. -94.]
[  0. -83.   0. -82. -92.   0. -77. -65.   0.   0.]
[  0. -83. -90.   0. -69. -76. -58. -59.   0. -89.]
[  0.   0. -79.   0. -92. -79.   0.   0.   0. -91.]
[  0. -91. -80.   0.   0.   0.   0. -64.   0.   0.]
[  0.   0. -91.   0. -93. -77. -71. -60.   0.   0.]
[  0.   0.   0.   0. -89. -71. -53.   0.   0. -89.]
[  0.   0.   0.   0. -75. -94. -88. -59.   0. -88.]
[  0.   0.   0. -96. -74. -87. -55. -60.   0.   0.]
[  0. -81. -85.   0.   0. -84. -71. -61.   0.   0.]
[  0. -83. -93.   0.   0.   0.   0. -60.   0. -70.]
[  0. -95.   0.   0. -82.   0. -63.   0.   0.   0.]
[  0.   0. -81.   0. -97. -82.   0. -46.   0. -84.]
[  0.   0. -93.   0.   0. -81. -68.   0.   0.   0.]
[  0.   0. -92.   0. -71.   0. -75. -64.   0. -86.]
[  0.   0.   0.   0.   0.   0. -85. -45.   0. -93.]
[  0. -81. -76.   0. -73.   0. -67. -46.   0.   0.]
[  0. -92.   0.   0. -86. -84. -74. -58.   0. -87.]
[  0.   0.   0.   0.   0. -73. -71.   0.   0.   0.]
[  0.   0. -81.   0. -95. -96. -62. -47.   0. -77.]
[  0.   0.   0. -84.   0. -85. -77. -47.   0. -72.]
[  0.   0. -90.   0. -73.   0.   0. -64.   0.   0.]
[  0.   0.   0.   0.   0. -83. -55.   0.   0.   0.]
[  0.   0.   0.   0. -81. -70.   0. -65.   0.   0.]
[  0.   0.   0.   0. -72. -91. -70. -61.   0. -77.]
[  0.   0.   0.   0.   0.   0. -65. -62.   0. -78.]
[  0.   0.   0. -81.   0.   0. -66. -51.   0.   0.]
[-84. -95. -86.   0.   0.   0.   0.   0.   0.   0.]
[  0. -82.   0.   0. -70. -91. -77.   0.   0.   0.]
[   0.    0. -100.    0.  -90.  -71.  -77.  -42.    0.  -96.]
[  0.   0.   0. -95. -82. -68. -82. -52.   0. -90.]
[  0.   0. -89.   0.   0. -85. -79.   0.   0.   0.]
[  0.   0. -81. -81.   0. -72. -65. -62.   0.   0.]
[  0.   0. -93.   0. -88.   0.   0. -67.   0. -86.]
[  0.   0.   0. -95. -94.   0. -77. -65.   0.   0.]
[  0. -85.   0. -95.   0.   0. -77. -41.   0. -80.]
[  0.   0. -78.   0.   0. -81. -63.   0.   0.   0.]
[  0.   0.   0.   0.   0. -82. -76. -63.   0.   0.]
[  0.   0. -91.   0. -87. -85. -76. -66.   0.   0.]
[-93.   0.   0.   0. -92. -95. -71. -52.   0. -71.]
[  0.   0. -91.   0.   0.   0. -83. -61.   0.   0.]
[  0. -79.   0.   0. -74.   0. -69. -57.   0. -78.]
[  0.   0.   0.   0. -85.   0.   0. -50.   0.   0.]
[  0.   0.   0.   0. -88.   0. -73. -64.   0.   0.]
[-97. -95.   0.   0.   0. -67. -83. -40.   0.   0.]
[  0.   0.   0.   0.   0.   0. -90. -44.   0.   0.]
[  0.   0. -97. -95.   0.   0.   0. -42.   0. -86.]
[  0.   0. -99.   0. -69.   0. -81. -65.   0. -92.]
[  0.   0. -90.   0. -80.   0. -67. -60.   0. -87.]
[  0.   0. -80.   0. -79.   0. -80. -42.   0.   0.]
[  0.   0. -92.   0.   0. -94. -82. -59.   0. -79.]
[  0.   0.   0.   0. -71. -78. -80. -47.   0.   0.]
[  0.   0.   0. -97. -78. -88.   0. -65.   0. -73.]
[  0.   0.   0.   0. -79.   0. -72.   0.   0.   0.]
[  0.   0. -86. -91. -90. -83. -78. -60.   0. -91.]
[  0.   0.   0.   0. -91. -71.   0. -47.   0. -88.]
[  0.   0. -80.   0. -89. -85.   0. -66.   0. -93.]
[  0. -94.   0. -79.   0. -75. -84. -49.   0.   0.]
[  0.   0.   0.   0. -73. -86. -84. -59.   0.   0.]
[  0. -96. -97.   0.   0.   0. -86. -46.   0. -82.]
[  0. -81.   0.   0. -88.   0. -91. -64.   0. -81.]
[  0.   0. -94.   0.   0. -79. -61. -64.   0. -93.]
[  0.   0.   0.   0. -80.   0. -75. -58.   0.   0.]
[  0.   0.   0.   0. -85. -72. -81. -58.   0. -68.]
[-90.   0.   0.   0.   0. -83. -57. -71.   0. -90.]
[  0.   0.   0.   0. -85. -88.   0. -65.   0.   0.]
[  0.   0. -74.   0.   0. -90. -77. -65.   0. -71.]
[  0.   0. -71. -83. -90. -80. -84.   0.   0. -85.]
[  0.   0. -95.   0.   0. -82. -63. -67.   0. -88.]
[-97.   0. -72.   0.   0. -63.   0. -48.   0. -84.]
[  0.   0.   0.   0. -69.   0. -75. -60.   0.   0.]
[  0. -99.   0.   0. -95. -64. -72. -42.   0.   0.]
[  0.   0.   0.   0. -86.   0. -71. -68.   0. -81.]
[  0. -94. -91.   0.   0.   0. -62. -50.   0. -75.]
[  0.   0. -91.   0. -86.   0.   0.   0.   0. -84.]
[  0.   0. -75.   0. -89. -79. -72. -62.   0.   0.]
[  0.   0. -87.   0. -66.   0.   0. -61.   0.   0.]
[  0.   0.   0.   0. -85.   0. -78. -69.   0.   0.]
[  0.   0.   0.   0. -69.   0.   0. -49.   0.   0.]
[  0.   0. -77. -97.   0.   0. -76.   0.   0. -72.]
[  0.   0. -93. -84. -86. -81.   0. -63.   0. -74.]
[  0.   0. -85.   0.   0.   0. -75. -62.   0. -71.]
[  0.   0. -81.   0. -70. -71. -63. -50.   0. -93.]
[  0.   0. -90.   0. -77. -86.   0.   0.   0.   0.]
[  0.   0. -80.   0. -71.   0. -75. -52.   0. -77.]
[  0.   0.   0.   0.   0. -85. -77. -60.   0.   0.]
[  0. -72.   0.   0. -87.   0. -88. -47.   0.   0.]
[  0. -94. -93.   0. -87. -66.   0. -45.   0. -72.]
[-90. -93.   0.   0. -66.   0. -64. -66.   0. -68.]
[  0.   0. -76.   0.   0. -90.   0. -46.   0.   0.]
[-88.   0. -87. -77. -96. -79.   0.   0.   0. -71.]
[  0.   0.   0.   0. -72. -66. -75. -60.   0. -84.]
[  0.   0. -88.   0. -81. -82.   0. -43.   0.   0.]
[  0. -83.   0.   0. -93. -65.   0. -68.   0.   0.]
[  0.   0. -87.   0.   0.   0. -76. -66.   0.   0.]
[  0.   0. -76.   0.   0. -84. -79.   0.   0.   0.]
[  0.   0.   0.   0.   0.   0. -75.   0.   0. -74.]
[  0. -74. -79. -84. -90. -81.   0. -51.   0.   0.]
[  0.   0.   0.   0. -87. -65.   0. -67.   0.   0.]
[  0.   0. -90. -77. -72. -90. -78.   0.   0.   0.]
[  0.   0.   0. -99. -80.   0. -71.   0.   0.   0.]
[-96.   0.   0.   0. -70.   0. -67. -61.   0. -81.]
[  0.   0.   0.   0.   0. -90.   0.   0.   0. -91.]
[  0.   0.   0.   0.   0.   0. -79. -62.   0. -84.]
[  0.   0. -81. -84. -74.   0.   0. -58.   0. -87.]
[  0.   0. -79.   0. -72.   0. -70. -65.   0. -88.]
[  0.   0. -82.   0. -90. -93. -75.   0.   0. -80.]
[  0.   0. -94. -83. -84. -87. -67. -43.   0.   0.]
[  0.   0. -92. -91. -89.   0. -68. -66.   0. -90.]
[  0.   0.   0.   0. -76. -84. -82. -42.   0.   0.]
[  0.   0.   0. -79.   0. -72.   0.   0.   0. -87.]
[  0.   0. -83.   0. -74. -87.   0. -47.   0.   0.]
[  0.   0. -85. -93.   0.   0. -64. -61.   0. -78.]
[  0.   0. -84.   0. -73. -84. -87.   0.   0. -84.]
[  0.   0.   0. -92. -88. -88. -62.   0.   0.   0.]
[  0.   0. -90.   0.   0. -69.   0.   0.   0.   0.]
[  0.   0. -76.   0.   0.   0. -71.   0.   0. -87.]
[-94. -82. -83. -92.   0.   0.   0.   0.   0.   0.]
[  0.   0.   0. -94. -87. -92. -78. -46.   0.   0.]
[  0.   0.   0.   0.   0. -74.   0.   0.   0.   0.]
[  0.   0. -94. -96.   0.   0. -60.   0.   0. -91.]
[  0.   0.   0.   0.   0. -83.   0.   0.   0.   0.]
[  0.   0. -88.   0.   0. -70.   0. -53.   0.   0.]
[-85.   0. -82.   0.   0. -71.   0.   0.   0.   0.]
[  0.   0.   0.   0.   0.   0.   0. -47.   0.   0.]
[   0.  -94.    0. -100.    0.  -71.  -81.  -63.    0.    0.]
[  0.   0. -93.   0.   0. -94. -74.   0.   0. -77.]
[-82.   0.   0. -95.   0. -75.   0.   0.   0. -77.]
[  0.   0. -94.   0. -78. -73. -82.   0.   0.   0.]
[  0.   0.   0. -83.   0. -67. -86.   0.   0.   0.]
[  0.   0.   0. -93. -85. -78. -71. -46.   0. -96.]
[  0. -96.   0.   0.   0.   0.   0. -64.   0. -72.]
[  0.   0. -81.   0. -85. -87. -80.   0.   0. -78.]
[  0.   0.   0.   0. -82. -80.   0.   0.   0. -76.]
[  0.   0.   0.   0.   0.   0. -80. -64.   0.   0.]
[  0.   0.   0.   0.   0. -74. -72.   0.   0.   0.]
[  0.   0. -84.   0. -81. -91. -63. -67.   0. -90.]
[  0.   0.   0. -91.   0.   0. -75. -44.   0. -87.]
[  0.   0.   0. -82. -87.   0. -79. -65.   0. -74.]
[   0.    0.    0. -102.    0.  -82.    0.  -64.    0.  -89.]
[-84.   0.   0.   0.   0.   0. -57. -63.   0. -89.]
[  0.   0.   0.   0. -91. -82.   0.   0.   0. -70.]
[  0.   0.   0.   0. -84.   0. -68. -46.   0.   0.]
[  0.   0. -81. -82. -71.   0.   0. -67.   0.   0.]
[  0.   0.   0.   0. -74.   0. -60. -48.   0.   0.]
[  0.   0.   0.   0.   0. -68.   0. -64.   0.   0.]
[  0.   0.   0.   0. -92.   0. -71. -63.   0.   0.]
[  0.   0.   0.   0. -73. -90. -79. -46.   0. -71.]
[  0.   0.   0.   0. -72. -69. -91. -64.   0. -88.]
[  0.   0.   0.   0. -70. -93. -63. -62.   0. -74.]
