[  0.   0. -76.   0. -81. -62. -88. -73.   0.   0.]
[-72.   0. -73. -91.   0. -58.   0.   0.   0. -93.]
[-96. -72. -74.   0.   0. -67. -87.   0.   0.   0.]
[-80. -90. -69. -94.   0.   0.   0. -75.   0. -78.]
[-100.  -77.    0.    0.  -86.  -60.  -64.  -61.    0.    0.]
[-91. -80.   0.   0. -82.   0.   0.   0.   0.   0.]
[-74.   0. -71. -81. -76.   0. -86. -53.   0. -89.]
[-77.   0.   0. -80.   0.   0.   0. -59.   0.   0.]
[-91.   0.   0. -82.   0.   0.   0. -79.   0. -71.]
[  0.   0. -82.   0. -81.   0. -66. -59.   0. -96.]
[  0.   0. -86. -79.   0. -75. -77.   0.   0. -84.]
[  0.   0. -82.   0.   0. -58. -74. -60.   0. -85.]
[-89. -79. -87.   0.   0. -58.   0.   0.   0. -79.]
[  0.   0.   0.   0. -88. -73. -67. -72.   0. -74.]
[  0. -94. -68.   0. -83. -71.   0.   0.   0.   0.]
[  0.   0.   0.   0. -91.   0.   0. -59.   0. -61.]
[  0.   0. -71.   0.   0. -53. -85. -77.   0.   0.]
[-82. -89.   0.   0.   0. -71. -82.   0.   0. -86.]
[  0.   0.   0.   0.   0. -69. -76.   0.   0.   0.]
[  0.   0.   0.   0. -97. -70.   0.   0.   0. -89.]
[  0.   0.   0.   0.   0. -70. -91. -96.   0.   0.]
[  0.   0. -85.   0. -96.   0.   0. -90.   0. -94.]
[  0.   0.   0.   0.   0. -87. -96.   0.   0. -94.]
[  0.   0.   0.   0. -83. -82.   0. -91.   0.   0.]
[  0.   0.   0.   0.   0. -84.   0. -74.   0.   0.]
[  0.   0. -93.   0.   0. -73. -81.   0.   0.   0.]
[  0. -86.   0.   0. -98.   0. -91. -95.   0.   0.]
[  0.   0.   0.   0.   0. -80.   0. -92.   0.   0.]
[  0.   0. -96.   0.   0. -88.   0.   0.   0. -95.]
[  0.   0.   0.   0.   0. -87.   0. -74.   0. -84.]
[  0.   0. -94.   0.   0. -87.   0.   0.   0.   0.]
[  0.   0.   0.   0.   0. -84.   0. -97.   0.   0.]
[  0.   0.   0.   0.   0.   0.   0. -91.   0.   0.]
[  0.   0.   0.   0. -99. -74.   0. -76.   0.   0.]
[  0.   0. -81.   0.   0.   0. -99.   0.   0. -85.]
[  0.   0.   0.   0.   0. -92.   0. -85.   0.   0.]
[  0.   0. -96.   0.   0. -81.   0. -97.   0.   0.]
[  0.   0.   0.   0.   0. -92.   0. -83.   0.   0.]
[-89.   0.   0.   0.   0.   0.   0. -76.   0. -82.]
[   0.    0.  -97.    0.    0.  -72. -101.    0.    0.    0.]
[  0.   0.   0.   0.   0. -89.   0. -97.   0. -94.]
[  0.   0.   0.   0.   0.   0.   0. -91.   0.   0.]
[  0.   0.   0.   0.   0. -76. -94. -88.   0.   0.]
[  0.   0.   0.   0. -83.   0. -92. -72.   0. -92.]
[  0.   0.   0.   0.   0.   0.   0. -68.   0.   0.]
[  0.   0.   0.   0.   0.   0. -95. -83.   0. -80.]
[  0.   0. -88.   0.   0.   0.   0. -82.   0. -82.]
[  0.   0.   0.   0.   0. -90.   0.   0.   0.   0.]
[ 0.  0.  0.  0.  0.  0.  0.  0.  0.  0.]
[   0.    0. -102.    0.    0.  -88.    0.  -83.    0.    0.]
[  0.   0.   0.   0. -84.   0.   0. -81.   0.   0.]
[  0.   0.   0.   0. -92. -83.   0. -66.   0. -75.]
[  0.   0.   0.   0. -81. -92. -94.   0.   0. -75.]
[  0.   0.   0.   0. -83. -90.   0. -67.   0. -95.]
[  0.   0.   0.   0.   0. -67. -81. -91.   0. -88.]
[  0.   0.   0.   0.   0. -83.   0.   0.   0.   0.]
[  0.   0.   0.   0.   0. -80. -95.   0.   0. -79.]
[  0.   0.   0.   0.   0.   0. -97.   0.   0. -95.]
[  0.   0.   0.   0.   0. -86.   0. -92.   0. -85.]
[  0.   0.   0.   0.   0.   0.   0. -98.   0.   0.]
[  0.   0.   0.   0.   0. -90.   0. -94.   0.   0.]
[  0.   0.   0.   0.   0. -80.   0.   0.   0. -97.]
[  0.   0.   0.   0.   0.   0. -84.   0.   0.   0.]
[  0.   0.   0.   0.   0.   0.   0.   0.   0. -95.]
[  0.   0.   0.   0.   0. -83.   0. -94.   0.   0.]
[  0.   0.   0.   0.   0. -79.   0.   0.   0.   0.]
[  0.   0.   0.   0.   0. -90.   0.   0.   0.   0.]
[  0.   0.   0.   0.   0. -74.   0. -73.   0.   0.]
[  0.   0.   0.   0.   0. -89.   0. -89.   0. -99.]
[  0.   0.   0.   0.   0. -87.   0. -89.   0.   0.]
[ 0.  0.  0.  0.  0.  0.  0.  0.  0.  0.]
[  0.   0.   0.   0.   0. -95.   0. -71.   0.   0.]
[ 0.  0.  0.  0.  0.  0.  0.  0.  0.  0.]
[  0.   0.   0.   0.   0. -93.   0. -95.   0.   0.]
[  0.   0.   0.   0.   0. -86.   0. -86.   0.   0.]
[  0.   0.   0.   0.   0. -81.   0. -94.   0.   0.]
[  0.   0.   0.   0.   0. -85.   0.   0.   0.   0.]
[  0.   0.   0.   0.   0.   0.   0. -89.   0.   0.]
[  0.   0.   0.   0. -86.   0.   0.   0.   0.   0.]
[  0.   0.   0.   0.   0.   0. -82. -83.   0.   0.]
[  0.   0.   0.   0.   0. -86. -85.   0.   0.   0.]
[   0.    0.    0.    0.    0.  -85. -100.  -91.    0.    0.]
[  0.   0.   0.   0.   0.   0. -86. -88.   0.   0.]
[  0.   0.   0.   0.   0. -82.   0. -86.   0.   0.]
[   0.    0.    0.    0.    0.  -83.    0. -100.    0.    0.]
[  0.   0.   0.   0.   0. -83.   0. -76.   0. -95.]
[  0.   0.   0.   0.   0.   0.   0. -86.   0. -93.]
[ 0.  0.  0.  0.  0.  0.  0.  0.  0.  0.]
[  0.   0.   0.   0.   0. -73.   0. -98.   0.   0.]
[  0.   0.   0.   0.   0. -68.   0. -93.   0.   0.]
[  0.   0.   0.   0.   0.   0. -82. -86.   0.   0.]
[  0.   0.   0.   0.   0. -82.   0. -96.   0. -89.]
[  0.   0.   0.   0. -96. -61.   0. -69.   0.   0.]
[  0.   0.   0.   0. -78. -81.   0. -92.   0.   0.]
[  0.   0.   0.   0. -80. -72. -93.   0.   0. -66.]
[  0.   0.   0.   0.   0. -59. -90. -73.   0. -97.]
[  0.   0.   0.   0.   0. -72. -91. -68.   0. -93.]
[  0.   0.   0.   0.   0. -71.   0. -71.   0.   0.]
[  0.   0.   0.   0.   0. -68.   0. -83.   0.   0.]
[  0.   0.   0. -99.   0. -72. -88. -83.   0.   0.]
[  0.   0.   0.   0.   0. -62. -93. -90.   0. -73.]
[  0.   0.   0.   0.   0. -80. -92.   0.   0. -87.]
[  0.   0.   0.   0.   0. -69. -74. -77.   0. -79.]
[  0.   0.   0.   0.   0.   0. -77. -81.   0. -75.]
[  0.   0.   0.   0. -99.   0.   0. -86.   0.   0.]
[-98.   0.   0.   0.   0. -79. -77.   0.   0. -79.]
[  0.   0.   0.   0.   0. -51.   0. -71.   0. -88.]
[  0. -80.   0.   0. -78. -75. -85. -77.   0.   0.]
[  0.   0.   0.   0. -91. -81. -92. -93.   0. -89.]
[  0.   0.   0.   0.   0. -59. -89. -84.   0. -90.]
[  0.   0.   0.   0.   0. -73. -92. -83.   0. -82.]
[  0.   0. -99.   0.   0.   0.   0. -86.   0.   0.]
[  0.   0.   0.   0.   0. -72.   0.   0.   0.   0.]
[  0.   0.   0.   0.   0. -58.   0. -94.   0. -84.]
[  0.   0.   0.   0.   0. -72.   0. -82.   0. -87.]
[  0.   0.   0.   0.   0. -87.   0.   0.   0. -83.]
[  0.   0.   0.   0.   0. -69.   0. -84.   0. -72.]
[-97.   0.   0.   0.   0. -74.   0. -87.   0. -84.]
[  0.   0.   0.   0.   0. -73. -89.   0.   0. -69.]
[  0.   0.   0.   0.   0. -74. -84. -87.   0. -78.]
[  0.   0.   0.   0.   0. -75. -86. -78.   0.   0.]
[  0.   0. -97.   0.   0. -74.   0.   0.   0. -85.]
[  0.   0.   0.   0.   0. -82.   0.   0.   0. -89.]
[  0.   0. -81.   0.   0. -79. -88. -87.   0. -86.]
[  0.   0. -81.   0.   0.   0. -91. -67.   0. -86.]
[  0.   0.   0.   0.   0.   0. -88.   0.   0. -74.]
[  0.   0.   0.   0. -82. -60.   0. -77.   0. -85.]
[  0.   0.   0.   0. -96. -60.   0.   0.   0. -89.]
[  0.   0.   0.   0.   0. -74. -75. -92.   0. -89.]
[  0.   0.   0.   0.   0. -69.   0. -92.   0.   0.]
[  0.   0.   0.   0.   0. -76. -89. -90.   0.   0.]
[  0.   0.   0.   0.   0. -70. -82. -88.   0. -84.]
[  0.   0.   0.   0. -92. -75. -74.   0.   0.   0.]
[  0.   0. -97.   0. -92.   0. -78. -94.   0. -86.]
[  0.   0.   0.   0. -80. -76. -95. -82.   0. -86.]
[  0.   0.   0.   0.   0. -77.   0. -90.   0. -87.]
[  0.   0.   0.   0.   0.   0. -78.   0.   0. -89.]
[  0.   0.   0.   0.   0. -76.   0. -91.   0.   0.]
[  0.   0.   0.   0. -81. -57. -93.   0.   0. -89.]
[  0.   0.   0.   0.   0. -62. -80. -86.   0.   0.]
[  0.   0.   0.   0. -95. -82. -95. -83.   0. -91.]
[  0.   0.   0.   0.   0.   0.   0. -83.   0.   0.]
[  0.   0.   0.   0.   0. -73. -72. -96.   0. -77.]
[  0.   0.   0.   0.   0.   0. -82. -68.   0. -77.]
[  0.   0.   0.   0.   0. -54.   0. -75.   0. -94.]
[  0.   0.   0.   0. -79.   0. -90. -85.   0. -74.]
[  0.   0.   0.   0.   0. -77. -80.   0.   0. -87.]
[  0.   0.   0.   0.   0.   0.   0.   0.   0. -85.]
[  0.   0.   0.   0.   0. -70.   0. -84.   0.   0.]
[  0.   0. -90.   0. -85. -73. -80.   0.   0. -79.]
[  0.   0.   0.   0.   0. -75.   0. -89.   0.   0.]
[  0.   0.   0.   0.   0. -62. -92.   0.   0. -83.]
[  0.   0.   0.   0.   0.   0. -89.   0.   0. -83.]
[  0.   0.   0.   0.   0. -59. -80.   0.   0.   0.]
[  0.   0.   0.   0.   0.   0. -92. -81.   0. -91.]
[  0.   0.   0.   0.   0. -82. -89. -82.   0. -73.]
[  0.   0.   0.   0.   0.   0.   0. -74.   0. -76.]
[  0.   0.   0.   0.   0.   0.   0. -76.   0. -75.]
[  0.   0. -85.   0.   0. -73.   0. -65.   0. -83.]
[  0.   0.   0.   0. -93. -74.   0. -79.   0. -88.]
[   0.    0.    0.    0. -101.  -69.    0.    0.    0.  -67.]
[  0.   0.   0.   0.   0.   0. -80.   0.   0. -85.]
[  0.   0.   0.   0.   0. -62. -96.   0.   0. -87.]
[  0.   0.   0.   0. -94. -70. -74.   0.   0. -91.]
[  0.   0.   0.   0.   0. -73.   0. -85.   0.   0.]
[-90.   0. -97.   0.   0.   0. -70. -92.   0.   0.]
