[  0.   0.   0.   0.   0.   0.   0.   0.   0. -73.]
[  0.   0.   0.   0.   0. -74.   0.   0.   0. -67.]
[  0.   0.   0.   0.   0.   0. -96.   0.   0.   0.]
[  0.   0.   0.   0.   0. -78.   0.   0.   0. -70.]
[  0.   0.   0.   0. -79. -79.   0.   0.   0.   0.]
[  0.   0.   0.   0.   0. -85.   0.   0.   0. -64.]
[  0.   0.   0.   0.   0. -88.   0.   0.   0. -61.]
[  0.   0.   0.   0.   0. -90. -76. -80.   0. -73.]
[  0.   0.   0.   0.   0. -85.   0. -81.   0. -52.]
[  0.   0.   0.   0.   0.   0.   0.   0.   0. -52.]
[  0.   0.   0.   0.   0. -75.   0.   0.   0. -71.]
[  0.   0.   0.   0.   0. -73. -87.   0.   0. -57.]
[  0.   0.   0.   0.   0.   0.   0. -81.   0. -77.]
[  0.   0.   0.   0.   0.   0.   0. -96.   0.   0.]
[  0.   0.   0.   0.   0. -88.   0.   0.   0. -55.]
[  0.   0.   0.   0.   0. -70.   0.   0.   0.   0.]
[  0.   0.   0.   0.   0.   0.   0.   0.   0. -68.]
[  0.   0.   0.   0.   0.   0.   0.   0.   0. -67.]
[  0.   0.   0.   0.   0. -63. -74.   0.   0. -57.]
[  0.   0. -96.   0.   0.   0.   0.   0.   0. -53.]
[  0.   0. -96.   0.   0. -77.   0.   0.   0. -62.]
[  0.   0. -80.   0. -76.   0.   0.   0.   0. -41.]
[  0.   0.   0.   0.   0. -80.   0.   0.   0. -50.]
[  0.   0. -96. -82.   0.   0.   0. -84.   0. -66.]
[  0.   0. -93.   0.   0. -77.   0.   0.   0. -68.]
[  0.   0.   0.   0.   0.   0. -79. -73.   0.   0.]
[  0.   0.   0.   0. -96. -88.   0. -77.   0. -66.]
[  0.   0.   0.   0.   0. -67.   0. -80.   0. -75.]
[  0.   0.   0.   0.   0. -75.   0.   0.   0. -52.]
[  0.   0.   0. -76.   0. -68.   0.   0.   0. -45.]
[  0.   0.   0.   0.   0. -83.   0. -80.   0. -68.]
[  0.   0.   0.   0. -93. -65.   0. -77.   0. -80.]
[  0.   0. -95.   0.   0.   0.   0. -70.   0. -74.]
[  0.   0.   0.   0.   0. -85.   0.   0.   0.   0.]
[  0.   0.   0.   0.   0.   0.   0.   0.   0. -68.]
[  0.   0.   0.   0.   0. -83.   0.   0.   0. -62.]
[  0.   0.   0.   0.   0.   0.   0.   0.   0. -68.]
[  0.   0.   0.   0.   0.   0. -94.   0.   0.   0.]
[  0.   0.   0.   0.   0. -66. -92.   0.   0. -64.]
[  0.   0.   0.   0. -76.   0.   0.   0.   0.   0.]
[  0.   0.   0.   0.   0. -83.   0.   0.   0. -62.]
[  0.   0.   0.   0.   0.   0.   0. -95.   0. -66.]
[  0.   0.   0.   0.   0. -79.   0.   0.   0. -66.]
[  0.   0.   0.   0.   0. -87.   0.   0.   0.   0.]
[ 0.  0.  0.  0.  0.  0.  0.  0.  0.  0.]
[  0.   0.   0. -80.   0. -82.   0.   0.   0. -68.]
[  0.   0.   0.   0.   0. -69.   0.   0.   0. -46.]
[  0.   0.   0.   0. -82. -82.   0.   0.   0. -43.]
[  0.   0.   0.   0.   0. -84. -77.   0.   0.   0.]
[  0.   0.   0.   0.   0. -73.   0.   0.   0. -60.]
[  0.   0.   0.   0.   0.   0. -94.   0.   0. -69.]
[  0.   0.   0.   0.   0. -76.   0.   0.   0. -51.]
[ 0.  0.  0.  0.  0.  0.  0.  0.  0.  0.]
[  0.   0.   0.   0.   0. -73.   0.   0.   0.   0.]
[  0.   0.   0.   0.   0.   0.   0.   0.   0. -50.]
[ 0.  0.  0.  0.  0.  0.  0.  0.  0.  0.]
[  0.   0.   0.   0.   0.   0.   0.   0.   0. -61.]
[  0.   0.   0.   0.   0. -81. -82.   0.   0. -52.]
[ 0.  0.  0.  0.  0.  0.  0.  0.  0.  0.]
[  0.   0. -83.   0.   0.   0. -76.   0.   0. -63.]
[  0.   0.   0. -78.   0.   0.   0.   0.   0.   0.]
[  0.   0.   0.   0.   0. -83.   0.   0.   0. -75.]
[  0.   0.   0.   0.   0. -78. -80. -75.   0. -48.]
[  0.   0.   0.   0.   0. -78.   0.   0.   0. -71.]
[  0.   0.   0. -79.   0.   0.   0. -91.   0. -62.]
[  0.   0.   0.   0.   0. -77.   0. -91.   0.   0.]
[  0.   0.   0.   0. -75. -62.   0. -75.   0. -70.]
[  0.   0.   0. -90.   0. -68. -79.   0.   0. -74.]
[  0.   0. -81.   0. -88.   0.   0. -80.   0.   0.]
[  0.   0.   0.   0. -74. -82.   0.   0.   0. -74.]
[  0.   0.   0.   0.   0.   0.   0. -82.   0. -75.]
[  0.   0.   0.   0. -75. -77.   0.   0.   0. -53.]
[  0. -78.   0.   0.   0. -80. -88. -78.   0. -69.]
[  0.   0. -90.   0.   0. -79.   0.   0.   0. -55.]
[  0.   0.   0.   0.   0. -77.   0. -87.   0. -56.]
[  0.   0.   0.   0.   0. -81.   0.   0.   0. -72.]
[  0.   0.   0.   0. -91. -68.   0. -77.   0.   0.]
[  0.   0.   0. -83. -76. -70.   0. -91.   0. -70.]
[  0.   0.   0.   0.   0. -77.   0.   0.   0.   0.]
[  0.   0.   0.   0.   0. -62.   0.   0.   0. -55.]
[  0.   0.   0.   0.   0. -84. -82.   0.   0. -71.]
[  0.   0.   0.   0.   0. -61.   0.   0.   0. -53.]
[  0.   0. -83.   0.   0.   0.   0.   0.   0. -62.]
[  0.   0.   0.   0.   0. -63. -85. -90.   0.   0.]
[-82.   0.   0.   0.   0. -79. -95.   0.   0. -72.]
[  0.   0.   0.   0.   0. -67.   0.   0.   0. -78.]
[  0.   0.   0.   0. -80.   0.   0.   0.   0. -56.]
[  0.   0. -81.   0.   0. -84.   0. -92.   0. -53.]
[  0.   0. -80.   0.   0. -61.   0. -87.   0.   0.]
[  0.   0.   0. -78.   0. -77.   0.   0.   0.   0.]
[  0.   0.   0.   0.   0. -61.   0.   0.   0.   0.]
[ 0.  0.  0.  0.  0.  0.  0.  0.  0.  0.]
[  0.   0.   0.   0.   0.   0.   0.   0.   0. -49.]
[  0.   0.   0.   0. -80.   0.   0.   0.   0. -68.]
[  0.   0. -97.   0.   0.   0.   0.   0.   0. -48.]
[  0.   0.   0.   0. -97. -62. -92. -81.   0. -53.]
[  0.   0.   0.   0.   0. -68.   0.   0.   0.   0.]
[  0.   0.   0.   0.   0. -79.   0.   0.   0. -51.]
[  0.   0.   0.   0.   0.   0.   0.   0.   0. -72.]
[  0.   0.   0.   0.   0. -76.   0.   0.   0. -56.]
[  0.   0.   0.   0.   0. -77. -75.   0.   0.   0.]
[  0.   0.   0.   0.   0. -65.   0.   0.   0. -55.]
[  0.   0. -91.   0.   0. -79.   0.   0.   0. -83.]
[  0. -79.   0. -80.   0.   0. -79.   0.   0. -70.]
[  0.   0.   0.   0.   0. -75.   0.   0.   0. -53.]
[  0.   0.   0. -83.   0. -62. -93. -90.   0.   0.]
[  0.   0. -76.   0.   0. -59.   0.   0.   0. -53.]
[  0.   0. -75.   0.   0. -64.   0.   0.   0. -71.]
[  0.   0.   0.   0.   0. -68.   0. -91.   0.   0.]
[-80.   0.   0.   0.   0. -62. -74.   0.   0. -72.]
[-95.   0.   0.   0.   0. -61.   0. -90.   0.   0.]
[  0.   0.   0.   0.   0. -77.   0.   0.   0. -52.]
[ 0.  0.  0.  0.  0.  0.  0.  0.  0.  0.]
[ 0.  0.  0.  0.  0.  0.  0.  0.  0.  0.]
[  0.   0. -93.   0.   0. -58.   0.   0.   0.   0.]
[  0.   0.   0.   0. -82. -60.   0.   0.   0. -73.]
[  0.   0. -95.   0.   0. -77. -76.   0.   0.   0.]
[  0.   0.   0.   0.   0. -78.   0.   0.   0.   0.]
[  0.   0.   0.   0.   0. -63.   0.   0.   0. -75.]
[  0.   0. -95.   0.   0.   0.   0.   0.   0. -66.]
[  0.   0.   0.   0.   0. -66.   0.   0.   0. -57.]
[  0.   0.   0.   0.   0. -82.   0.   0.   0.   0.]
[  0.   0.   0. -93. -94. -60.   0. -78.   0. -54.]
[  0.   0.   0. -74.   0. -87.   0. -72.   0. -55.]
[  0. -94.   0.   0.   0.   0.   0.   0.   0. -59.]
[  0.   0.   0.   0.   0. -60.   0.   0.   0.   0.]
[  0.   0.   0. -79. -78.   0.   0. -82.   0. -70.]
[  0.   0.   0.   0.   0. -61.   0.   0.   0. -71.]
[  0.   0.   0.   0.   0. -75.   0.   0.   0. -71.]
[  0.   0. -79.   0.   0. -62.   0.   0.   0.   0.]
[  0.   0.   0.   0.   0. -80.   0. -93.   0. -69.]
[  0.   0.   0.   0.   0. -80.   0.   0.   0. -60.]
[  0.   0.   0.   0. -79. -62.   0. -73.   0. -79.]
[  0.   0.   0.   0.   0.   0.   0.   0.   0. -72.]
[  0.   0.   0.   0.   0. -66.   0. -89.   0. -47.]
[  0.   0.   0.   0.   0.   0.   0.   0.   0. -69.]
[  0.   0.   0.   0.   0. -65.   0.   0.   0. -60.]
[  0.   0.   0.   0.   0. -72.   0.   0.   0. -68.]
[  0.   0.   0.   0.   0. -77.   0.   0.   0.   0.]
[  0.   0.   0.   0.   0. -82.   0. -91.   0. -51.]
[ 0.  0.  0.  0.  0.  0.  0.  0.  0.  0.]
[  0.   0.   0.   0.   0.   0.   0.   0.   0. -74.]
[ 0.  0.  0.  0.  0.  0.  0.  0.  0.  0.]
[  0.   0.   0.   0.   0. -73.   0.   0.   0. -83.]
[  0.   0.   0.   0.   0. -85.   0. -70.   0. -79.]
[  0.   0.   0.   0.   0.   0. -82.   0.   0.   0.]
[  0.   0.   0.   0.   0. -87.   0. -77.   0. -74.]
[  0.   0.   0.   0.   0. -79.   0. -84.   0. -72.]
[  0.   0.   0.   0.   0. -84.   0.   0.   0. -58.]
[  0.   0.   0.   0.   0.   0.   0.   0.   0. -64.]
[  0.   0.   0.   0.   0. -85.   0.   0.   0.   0.]
[  0.   0.   0.   0.   0. -90.   0.   0.   0.   0.]
[  0.   0.   0.   0.   0. -83.   0.   0.   0.   0.]
[  0.   0.   0.   0.   0. -67. -93. -76.   0. -74.]
[  0.   0.   0.   0.   0. -81.   0. -79.   0. -56.]
[  0.   0.   0.   0.   0. -69.   0.   0.   0. -73.]
[  0.   0.   0.   0.   0.   0.   0.   0.   0. -57.]
[  0.   0.   0.   0.   0.   0.   0.   0.   0. -82.]
[  0.   0.   0.   0. -95. -80.   0.   0.   0. -73.]
[  0.   0.   0.   0.   0.   0.   0. -79.   0. -61.]
[  0.   0.   0.   0.   0. -70.   0.   0.   0. -72.]
[  0.   0.   0.   0.   0. -67.   0.   0.   0. -73.]
[  0.   0.   0.   0.   0. -79. -95.   0.   0. -54.]
[  0.   0.   0.   0.   0.   0.   0.   0.   0. -70.]
[  0.   0.   0.   0.   0. -85.   0.   0.   0. -70.]
[  0.   0.   0.   0.   0. -71.   0.   0.   0.   0.]
[  0.   0.   0.   0.   0. -66.   0.   0.   0.   0.]
[  0.   0.   0. -93.   0. -68.   0.   0.   0.   0.]
[  0.   0.   0.   0.   0. -87.   0.   0.   0. -75.]
[  0.   0.   0.   0.   0. -88.   0. -90.   0. -51.]
[  0.   0.   0.   0.   0.   0.   0.   0.   0. -75.]
[  0.   0.   0.   0.   0.   0.   0. -95.   0. -48.]
[  0.   0.   0.   0.   0.   0.   0.   0.   0. -71.]
[  0.   0.   0.   0.   0.   0.   0.   0.   0. -71.]
[  0.   0.   0.   0.   0. -81.   0.   0.   0. -70.]
[  0.   0.   0.   0.   0. -83.   0.   0.   0. -67.]
[  0.   0.   0.   0.   0. -83.   0.   0.   0. -77.]
[  0.   0.   0.   0. -95. -83.   0. -83.   0.   0.]
[  0.   0.   0.   0.   0.   0.   0. -83.   0. -63.]
[  0.   0.   0.   0.   0.   0.   0.   0.   0. -87.]
[  0.   0.   0.   0.   0. -65. -92.   0.   0. -55.]
[  0.   0.   0. -73.   0. -80.   0. -92.   0. -63.]
[  0.   0.   0.   0.   0. -85.   0.   0.   0.   0.]
