[-85. -82.   0.   0. -94.   0.   0.   0.   0.   0.]
[-94.   0. -60. -67.   0.   0.   0.   0.   0.   0.]
[  0. -94. -88.   0.   0.   0.   0.   0.   0.   0.]
[-97. -74. -77. -51. -69.   0.   0.   0.   0.   0.]
[ -68.  -80.  -67.  -58.  -63.    0. -100.  -86.    0.    0.]
[  0. -88. -77. -71. -59.   0.   0.   0.   0.   0.]
[-92. -73. -79. -82. -62.   0.   0.   0.   0.   0.]
[  0. -69. -73. -57. -77. -70.   0.   0.   0.   0.]
[  0. -85. -72. -75. -73.   0. -85.   0.   0.   0.]
[-95.   0.   0. -72. -81. -95.   0.   0.   0.   0.]
[-89. -83.   0. -76.   0. -76.   0. -85.   0.   0.]
[-93.   0. -70.   0. -70.   0.   0.   0.   0.   0.]
[  0. -83. -59. -73. -84. -97.   0. -84.   0.   0.]
[  0. -87. -76. -57.   0. -86.   0.   0.   0.   0.]
[-77.   0.   0. -70. -64.   0.   0. -97.   0.   0.]
[-99. -87. -82. -57. -83.   0.   0.   0.   0.   0.]
[-92.   0.   0. -54. -72. -98.   0.   0.   0.   0.]
[  0. -86. -82.   0.   0. -95.   0.   0.   0.   0.]
[  0. -75. -82. -79. -68. -82.   0.   0.   0.   0.]
[-91. -75. -80.   0. -69.   0.   0.   0.   0.   0.]
[  0.   0.   0. -73. -67.   0.   0.   0.   0.   0.]
[-91.   0. -78. -71. -85.   0.   0.   0.   0.   0.]
[  0.   0. -80. -60. -68. -98.   0.   0.   0.   0.]
[-90. -86. -59. -70. -83.   0.   0.   0.   0.   0.]
[  0. -73. -76. -73.   0. -85.   0.   0.   0.   0.]
[-92. -92. -83.   0.   0.   0.   0.   0.   0.   0.]
[  0. -94. -87. -78. -89.   0.   0.   0.   0.   0.]
[  0. -68. -86. -56. -72. -97.   0.   0.   0.   0.]
[  0. -74.   0. -75. -83.   0.   0. -85.   0.   0.]
[-83. -91. -84. -59. -85.   0.   0.   0.   0.   0.]
[-80. -87. -86. -76. -82.   0.   0. -88.   0.   0.]
[  0. -79. -62. -62.   0. -96.   0.   0.   0.   0.]
[  0. -69. -82. -75. -76.   0.   0.   0.   0.   0.]
[-88. -69. -86. -73. -66.   0.   0. -82.   0.   0.]
[-95. -92. -64.   0. -67.   0.   0.   0.   0.   0.]
[  0.   0. -64. -75. -93.   0.   0.   0.   0.   0.]
[  0. -69. -65. -76. -89.   0.   0.   0.   0.   0.]
[  0. -97. -84. -57.   0.   0.   0. -97.   0.   0.]
[-92. -72. -75. -71.   0.   0.   0.   0.   0.   0.]
[  0. -77. -95. -78. -96.   0.   0.   0.   0.   0.]
[  0. -91. -82. -75.   0.   0.   0.   0.   0.   0.]
[-92. -80. -87. -61.   0.   0.   0.   0.   0.   0.]
[-87. -85. -78. -73. -95.   0.   0.   0.   0.   0.]
[  0. -87.   0. -74. -70.   0.   0.   0.   0.   0.]
[-94.   0.   0. -56. -66.   0.   0.   0.   0.   0.]
[  0. -95. -76. -83. -68.   0.   0.   0.   0.   0.]
[-81.   0. -96. -83. -81.   0.   0.   0.   0.   0.]
[  0.   0. -74. -62. -92.   0.   0.   0.   0.   0.]
[  0.   0. -89. -61.   0.   0.   0.   0.   0.   0.]
[  0.   0.   0.   0. -82.   0.   0.   0.   0.   0.]
[  0.   0. -74.   0. -71.   0.   0.   0.   0.   0.]
[  0. -95. -86. -75. -77.   0.   0.   0.   0.   0.]
[  0. -91. -80. -74.   0.   0.   0. -99.   0.   0.]
[-86. -95. -87. -84.   0.   0.   0.   0.   0.   0.]
[  0. -93. -70. -76. -75.   0.   0.   0.   0.   0.]
[  0.   0. -64. -60. -87.   0.   0.   0.   0.   0.]
[  0.   0. -70. -73. -75.   0.   0.   0.   0.   0.]
[  0. -76. -82. -62. -88.   0.   0.   0.   0.   0.]
[  0.   0. -93. -75. -87.   0.   0.   0.   0.   0.]
[  0. -95.   0. -57. -93.   0.   0.   0.   0.   0.]
[  0.   0. -86. -73.   0.   0.   0.   0.   0.   0.]
[  0. -87. -84. -58. -70.   0.   0.   0.   0.   0.]
[-96.   0. -83.   0. -78.   0.   0.   0.   0.   0.]
[  0.   0. -82. -81.   0.   0.   0.   0.   0.   0.]
[  0. -95.   0. -79. -68.   0.   0.   0.   0.   0.]
[  0. -92. -71. -61. -83. -98.   0.   0.   0.   0.]
[  0.   0.   0.   0. -63.   0.   0.   0.   0.   0.]
[  0.   0. -81.   0. -64.   0.   0.   0.   0.   0.]
[  0. -97.   0. -77. -84.   0.   0.   0.   0.   0.]
[-82.   0. -82. -81. -83.   0.   0.   0.   0.   0.]
[-96.   0.   0. -70. -85.   0.   0.   0.   0.   0.]
[-92.   0. -95. -62. -85.   0.   0.   0.   0.   0.]
[-91. -80. -73. -62. -93.   0.   0.   0.   0.   0.]
[  0. -80. -60. -86.   0.   0.   0.   0.   0.   0.]
[-95. -84. -83. -69. -90.   0.   0.   0.   0.   0.]
[-86. -81.   0. -85.   0.   0.   0.   0.   0.   0.]
[-90. -70. -74. -99.   0.   0.   0.   0.   0.   0.]
[   0.  -90.  -75.    0. -101.    0.    0.    0.    0.    0.]
[  0.   0. -59. -83. -72.   0.   0.   0.   0.   0.]
[-90. -87. -77. -77.   0.   0.   0.   0.   0.   0.]
[-92. -91. -81. -83. -96.   0.   0.   0.   0.   0.]
[-96. -81. -72.   0. -86.   0.   0.   0.   0.   0.]
[-81. -96.   0. -65. -94.   0.   0.   0.   0.   0.]
[-86. -81. -81. -82. -96.   0.   0.   0.   0.   0.]
[  0. -91. -70. -85. -90.   0.   0.   0.   0.   0.]
[  0. -93. -81. -86. -73. -90.   0.   0.   0.   0.]
[-93. -93.   0. -80. -86.   0.   0.   0.   0.   0.]
[  0.   0.   0. -78. -98.   0.   0.   0.   0.   0.]
[-91. -80. -60.   0. -82.   0.   0.   0.   0.   0.]
[  0. -86.   0. -83. -79.   0.   0.   0.   0.   0.]
[   0.  -92.  -77.    0.  -94. -101.    0.    0.    0.    0.]
[-95. -86. -83. -63.   0.   0.   0.   0.   0.   0.]
[-95.   0. -61. -81. -81.   0.   0.   0.   0.   0.]
[-80. -87. -67. -91. -73.   0.   0.   0.   0.   0.]
[-93. -76. -81. -79.   0.   0.   0.   0.   0.   0.]
[-83. -71. -78. -84. -87.   0.   0.   0.   0.   0.]
[-94. -82.   0. -80. -81.   0.   0.   0.   0.   0.]
[-102.  -91.  -66.  -83.  -91.    0.    0.    0.    0.    0.]
[-80. -73. -70. -87. -72.   0.   0.   0.   0.   0.]
[-93. -81. -69.   0. -72.   0.   0.   0.   0.   0.]
[-81.   0. -85. -95. -73.   0.   0.   0.   0.   0.]
[-82. -79. -73. -88. -73.   0.   0.   0.   0.   0.]
[-99. -91.   0. -86. -71.   0.   0.   0.   0.   0.]
[  0. -92. -85. -80. -89.   0.   0.   0.   0.   0.]
[-91. -80. -86.   0. -95.   0.   0.   0.   0.   0.]
[  0. -87.   0. -92. -88.   0.   0.   0.   0.   0.]
[-81. -96. -93. -84.   0.   0.   0.   0.   0.   0.]
[  0. -92.   0. -69. -77.   0.   0.   0.   0.   0.]
[-88. -97. -91.   0. -77.   0.   0.   0.   0.   0.]
[  0. -94. -82. -98. -92.   0.   0.   0.   0.   0.]
[  0.   0.   0. -75.   0.   0.   0.   0.   0.   0.]
[-90.   0. -83. -90.   0.   0.   0.   0.   0.   0.]
[  0. -80. -77.   0.   0.   0.   0.   0.   0.   0.]
[-93. -98. -80. -81. -89.   0.   0.   0.   0.   0.]
[  0. -88.   0. -49. -90.   0.   0.   0.   0.   0.]
[  0.   0. -61. -75. -73. -78.   0.   0.   0.   0.]
[-77. -80. -65. -72. -86.   0.   0.   0.   0.   0.]
[  0. -86. -49. -74. -62. -79. -92.   0.   0. -95.]
[-86. -85.   0. -56.   0.   0. -94.   0.   0.   0.]
[-85.   0. -60. -71. -79.   0.   0.   0.   0.   0.]
[  0. -87.   0. -83. -55.   0.   0.   0.   0.   0.]
