[  0.   0. -73. -46. -74.   0. -85.   0.   0.   0.]
[-70. -95. -65. -78. -62. -77.   0. -86.   0.   0.]
[  0. -94.   0.   0. -82.   0.   0. -85.   0.   0.]
[  0.   0. -77. -40. -75. -86.   0.   0.   0.   0.]
[-66. -72. -75. -60.   0.   0. -83.   0.   0.   0.]
[-88.   0.   0. -65. -71. -82.   0. -83.   0.   0.]
[-87.   0. -71. -40.   0.   0.   0.   0.   0.   0.]
[-81.   0. -76. -44.   0.   0. -97.   0.   0. -75.]
[  0.   0. -75. -60.   0. -85.   0.   0.   0.   0.]
[  0. -69.   0. -59. -74. -88.   0.   0.   0. -93.]
[-95. -73. -73.   0. -59.   0.   0. -83.   0.   0.]
[-81.   0. -55.   0.   0.   0.   0.   0.   0.   0.]
[-80.   0.   0. -63. -61.   0.   0.   0.   0.   0.]
[-90. -79. -73.   0.   0. -92.   0. -83.   0.   0.]
[-65.   0. -77. -60. -81. -95.   0.   0.   0.   0.]
[-64.   0. -63. -64. -78.   0.   0.   0.   0.   0.]
[  0. -77. -62. -41. -70.   0.   0.   0.   0.   0.]
[-81.   0.   0. -47.   0.   0. -78.   0.   0.   0.]
[  0. -69.   0.   0. -89.   0.   0.   0.   0.   0.]
[  0.   0. -71.   0. -79.   0.   0.   0.   0.   0.]
[-84.   0. -72. -50. -73. -92.   0. -84.   0.   0.]
[-62. -89. -82. -70.   0. -82.   0. -84.   0. -82.]
[  0. -75. -78.   0. -49. -83.   0.   0.   0.   0.]
[  0. -87.   0. -49. -62. -89. -95.   0.   0. -86.]
[-72. -79. -72. -63. -60.   0.   0. -81.   0.   0.]
[  0. -89. -78. -50. -81.   0. -75. -83.   0.   0.]
[-87.   0. -72.   0. -74. -86. -92.   0.   0.   0.]
[  0. -70. -80.   0.   0.   0.   0. -80.   0.   0.]
[  0. -89. -75. -47. -73. -81. -73.   0.   0.   0.]
[  0.   0. -80. -63.   0.   0. -85.   0.   0.   0.]
[-83.   0. -79. -48. -78. -98. -92. -94.   0.   0.]
[-71.   0. -62.   0.   0.   0.   0.   0.   0.   0.]
[  0. -80. -57. -46. -60.   0.   0. -78.   0.   0.]
[  0. -66. -76. -66. -57.   0. -85.   0.   0.   0.]
[-91. -69. -60.   0. -66.   0.   0. -72.   0.   0.]
[-82.   0. -72. -63. -58.   0.   0.   0.   0.   0.]
[-67.   0.   0. -62. -56. -93.   0.   0.   0. -83.]
[  0. -92. -79. -45.   0. -83.   0.   0.   0.   0.]
[-79.   0. -61. -39. -68.   0. -82. -75.   0.   0.]
[  0.   0. -60.   0.   0.   0.   0. -75.   0.   0.]
[-88. -84. -61. -40. -78.   0.   0.   0.   0.   0.]
[  0. -79. -72.   0. -61. -90.   0. -84.   0.   0.]
[-76. -74.   0.   0. -52. -97.   0.   0.   0.   0.]
[  0. -70.   0.   0. -52.   0.   0. -98.   0.   0.]
[-79. -78. -64. -60. -72.   0.   0.   0.   0.   0.]
[-73. -69. -85. -58. -59.   0.   0.   0.   0.   0.]
[  0. -69. -75.   0.   0. -75. -85.   0.   0.   0.]
[-85.   0. -58. -64. -59.   0.   0.   0.   0.   0.]
[-85.   0. -85. -62. -59.   0.   0.   0.   0.   0.]
[-73. -83. -76. -47. -74.   0. -75.   0.   0.   0.]
[-87.   0. -81. -51. -72.   0.   0.   0.   0.   0.]
[-73.   0.   0. -47. -56.   0.   0.   0.   0.   0.]
[-85. -89.   0. -48.   0.   0.   0. -85.   0.   0.]
[  0. -91. -67. -44. -62.   0.   0.   0.   0.   0.]
[  0.   0.   0. -61. -85.   0.   0.   0.   0.   0.]
[-70. -85. -74. -47.   0. -87.   0. -92.   0.   0.]
[-89. -76.   0. -61. -74. -71.   0. -78.   0.   0.]
[-89. -71. -72. -49. -76.   0.   0.   0.   0.   0.]
[  0. -83.   0.   0. -65.   0.   0.   0.   0.   0.]
[-67. -76. -71. -62.   0. -92.   0.   0.   0. -86.]
[  0.   0. -72. -62. -73.   0.   0.   0.   0.   0.]
[  0.   0. -60. -45. -80.   0.   0.   0.   0.   0.]
[-81. -67. -73.   0. -63.   0.   0.   0.   0.   0.]
[-86. -73. -64. -49.   0.   0. -98.   0.   0.   0.]
[-86. -90. -87.   0. -65. -95.   0. -81.   0.   0.]
[  0. -78. -56. -45.   0.   0.   0.   0.   0.   0.]
[-78.   0. -57. -64. -75. -94.   0. -75.   0.   0.]
[  0.   0.   0. -47.   0. -91.   0. -95.   0.   0.]
[-84.   0.   0. -64.   0.   0.   0. -80.   0.   0.]
[-63.   0. -54. -50.   0.   0.   0.   0.   0.   0.]
[-82. -90. -68.   0. -58.   0.   0.   0.   0.   0.]
[-65.   0. -57. -53.   0.   0.   0.   0.   0.   0.]
[  0. -87. -60. -51. -66.   0.   0.   0.   0.   0.]
[-81.   0. -63.   0.   0. -96.   0.   0.   0.   0.]
[-75. -82. -83. -48. -76. -83.   0.   0.   0. -95.]
[-91. -69. -63. -65. -61.   0.   0.   0.   0.   0.]
[-72. -71. -58. -61. -55. -89.   0.   0.   0.   0.]
[-71.   0. -71. -48.   0.   0.   0. -87.   0.   0.]
[  0.   0. -56. -64. -63. -81.   0.   0.   0.   0.]
[-93. -68. -75. -54.   0.   0.   0.   0.   0.   0.]
[-73. -78. -83. -46.   0.   0.   0. -78.   0.   0.]
[-89. -67. -72. -61.   0.   0.   0. -82.   0.   0.]
[  0. -81. -89. -46.   0.   0.   0.   0.   0.   0.]
[  0.   0. -79. -42. -71. -71.   0. -87.   0.   0.]
[  0. -86. -72. -64. -68. -70.   0. -78.   0. -83.]
[  0.   0. -66. -55. -73.   0.   0.   0.   0.   0.]
[  0. -77. -88.   0.   0.   0.   0. -80.   0.   0.]
[  0.   0. -75. -71.   0.   0.   0. -78.   0.   0.]
[-85. -90. -87. -67.   0.   0.   0. -80.   0.   0.]
[  0.   0. -81. -43. -55.   0.   0. -95.   0.   0.]
[-87.   0. -74. -65. -81. -77.   0.   0.   0.   0.]
[  0. -84. -80. -67. -81.   0.   0.   0.   0.   0.]
[-63.   0. -58. -49. -79.   0.   0.   0.   0.   0.]
[-79. -72. -60. -43. -59. -95.   0. -88.   0.   0.]
[ -89.  -65.  -55.  -65.  -62.    0.    0. -100.    0.    0.]
[  0.   0. -77. -50. -78.   0.   0. -77.   0.   0.]
[-63. -72. -71. -40.   0.   0.   0.   0.   0.   0.]
[-81. -77. -71. -42. -65.   0.   0.   0.   0.   0.]
[  0.   0. -73. -40. -73.   0.   0.   0.   0.   0.]
[-67. -86. -59. -64.   0.   0.   0.   0.   0.   0.]
[-88.   0. -70. -68. -63. -80.   0.   0.   0. -95.]
[-91.   0.   0. -60. -51. -90.   0. -79.   0. -96.]
[-72. -73. -74. -66. -81.   0. -81.   0.   0.   0.]
[-91. -75. -69. -47.   0.   0.   0.   0.   0.   0.]
[-83. -74. -57. -46. -80.   0. -79.   0.   0. -80.]
[-88. -70. -67. -61. -61. -89.   0. -94.   0. -92.]
[-78.   0. -72. -60.   0. -90. -73.   0.   0.   0.]
[-78.   0.   0. -62. -57.   0. -86.   0.   0. -83.]
[  0. -68. -78.   0. -81.   0.   0.   0.   0. -83.]
[  0. -83. -58. -45. -68. -73. -94.   0.   0. -84.]
[-86. -68. -57. -63. -60. -91. -77.   0.   0.   0.]
[-70. -90.   0. -46.   0.   0.   0. -95.   0. -81.]
[  0.   0.   0. -47.   0.   0. -80. -78.   0.   0.]
[  0. -88. -62. -46. -59.   0.   0.   0.   0.   0.]
[  0.   0. -75. -44. -72. -93.   0. -94.   0.   0.]
[-86.   0.   0. -46. -77.   0.   0. -82.   0.   0.]
[-82.   0. -80. -45. -74.   0.   0.   0.   0.   0.]
[-85. -87. -86. -64.   0. -87.   0. -81.   0.   0.]
[  0. -85. -69. -72.   0.   0.   0. -88.   0.   0.]
[-88.   0. -60. -47. -63. -90. -96. -73.   0.   0.]
[-84.   0.   0. -46. -61.   0.   0. -78.   0.   0.]
[  0. -64. -71. -46. -83.   0. -99. -73.   0.   0.]
[-70.   0. -65. -59.   0. -92. -74. -84.   0.   0.]
[-88. -69. -64. -68. -82.   0. -94. -93.   0.   0.]
[  0.   0. -52. -74. -56. -97. -90. -80.   0.   0.]
[-72. -85.   0. -47.   0.   0. -93.   0.   0.   0.]
[-84.   0. -72.   0. -82. -77. -77.   0.   0.   0.]
[  0. -69. -86. -47.   0.   0.   0. -88.   0.   0.]
[-81.   0. -58. -77.   0. -96.   0.   0.   0.   0.]
