[-85. -92. -65. -49. -51.   0. -85. -80.   0.   0.]
[-68. -88. -59. -58. -74.   0. -77.   0.   0.   0.]
[  0.   0. -55.   0. -72. -90.   0.   0.   0.   0.]
[  0. -81.   0. -67. -59.   0. -90. -88.   0.   0.]
[-90. -69. -73. -66. -71.   0.   0. -95.   0.   0.]
[  0.   0. -69. -54. -55. -89. -78.   0.   0.   0.]
[  0.   0.   0. -47. -78. -92.   0.   0.   0. -82.]
[  0.   0.   0.   0. -71. -96. -90. -94.   0.   0.]
[-72.   0. -64. -69.   0.   0. -90.   0.   0.   0.]
[-83.   0. -59. -53. -74. -90.   0.   0.   0.   0.]
[-88. -88. -77.   0.   0. -80.   0.   0.   0.   0.]
[  0.   0. -85. -71. -72.   0.   0. -76.   0.   0.]
[  0.   0. -56. -70. -55.   0.   0. -82.   0. -78.]
[  0.   0. -82.   0. -61. -78. -93.   0.   0. -81.]
[-87. -90.   0. -65. -59. -92. -67. -82.   0.   0.]
[  0.   0.   0.   0. -74.   0.   0. -87.   0.   0.]
[-87. -78.   0. -51. -75. -92. -87. -89.   0.   0.]
[-82.   0. -62.   0. -54. -73. -90. -90.   0.   0.]
[-81. -86. -64. -56. -71. -96.   0.   0.   0.   0.]
[-96.   0. -83.   0.   0. -90.   0.   0.   0.   0.]
[  0.   0. -65. -72. -69.   0.   0.   0.   0.   0.]
[-89. -88. -82. -56. -78.   0.   0. -77.   0. -81.]
[-84.   0. -58. -65. -71. -93.   0.   0.   0.   0.]
[-89. -86. -68. -54.   0. -71. -80.   0.   0.   0.]
[-82. -87. -88. -72. -55.   0.   0. -86.   0.   0.]
[-83. -87. -71. -46. -52.   0.   0. -94.   0.   0.]
[-82.   0.   0. -68. -74. -76. -89. -77.   0.   0.]
[-72.   0.   0. -70. -71.   0. -88.   0.   0.   0.]
[-89. -65. -62.   0. -70.   0.   0.   0.   0.   0.]
[-78.   0. -59. -66. -57. -73. -74. -75.   0.   0.]
[  0. -67. -64. -73. -79.   0. -92. -90.   0.   0.]
[  0.   0.   0.   0. -59. -72.   0.   0.   0. -95.]
[-85. -85. -74. -72. -61. -85. -72.   0.   0.   0.]
[  0. -93.   0. -67.   0. -93. -75. -87.   0.   0.]
[-69.   0.   0. -68. -57.   0.   0.   0.   0. -94.]
[-68.   0. -78. -61. -56.   0.   0.   0.   0.   0.]
[  0.   0. -77.   0.   0. -89. -74. -85.   0.   0.]
[  0.   0. -79. -54. -75.   0. -98.   0.   0.   0.]
[  0. -71. -81. -55. -82.   0.   0.   0.   0.   0.]
[-85. -87. -59. -72. -56.   0.   0.   0.   0.   0.]
[-93. -90. -75. -54. -58.   0. -80.   0.   0.   0.]
[-83.   0. -75.   0. -73.   0.   0.   0.   0.   0.]
[-79. -82. -84.   0. -77. -94.   0. -84.   0.   0.]
[-84. -79. -68.   0.   0. -96.   0.   0.   0.   0.]
[-85. -89. -67. -64. -79.   0.   0.   0.   0. -93.]
[-67. -83. -68. -58. -86.   0.   0.   0.   0.   0.]
[  0. -85.   0. -76. -82.   0.   0.   0.   0.   0.]
[-68. -90. -80.   0. -75.   0.   0.   0.   0.   0.]
[-91.   0.   0. -68. -62. -92.   0.   0.   0.   0.]
[  0.   0.   0.   0. -75.   0.   0.   0.   0.   0.]
[-83.   0. -78. -82. -60.   0. -95.   0.   0.   0.]
[-71.   0. -77. -56. -56.   0.   0.   0.   0.   0.]
[  0.   0.   0.   0. -80.   0.   0. -80.   0.   0.]
[-82.   0. -67. -54. -57.   0.   0.   0.   0.   0.]
[  0.   0. -80.   0. -72.   0.   0.   0.   0.   0.]
[-78. -86. -72. -71. -69.   0. -94.   0.   0. -94.]
[-87. -92.   0. -58.   0.   0. -83.   0.   0.   0.]
[-74. -87. -59. -80.   0.   0.   0.   0.   0.   0.]
[  0. -88. -85. -54. -71. -79.   0.   0.   0.   0.]
[-84. -73. -78. -55. -54. -79.   0.   0.   0.   0.]
[  0. -69. -84. -76. -59. -84.   0.   0.   0.   0.]
[  0. -79. -91. -54. -59.   0.   0.   0.   0. -95.]
[  0. -73. -59. -88. -54.   0. -84.   0.   0.   0.]
[-87. -86.   0. -57. -78. -92. -84.   0.   0.   0.]
[-73. -91.   0. -55.   0.   0.   0.   0.   0.   0.]
[  0. -71.   0. -82. -70.   0.   0.   0.   0.   0.]
[  0.   0. -77.   0.   0.   0.   0.   0.   0.   0.]
[-88. -93. -79.   0. -68.   0.   0. -84.   0.   0.]
[-73.   0. -87. -61. -72.   0. -92.   0.   0.   0.]
[  0.   0.   0. -75. -55.   0. -94.   0.   0.   0.]
[-76. -91. -80. -78. -53.   0.   0.   0.   0.   0.]
[-74. -84. -63. -82. -78.   0.   0.   0.   0.   0.]
[  0. -78.   0.   0.   0.   0.   0. -95.   0.   0.]
[  0. -96. -76. -49. -74.   0.   0.   0.   0.   0.]
[  0. -88. -61. -58. -51.   0.   0.   0.   0.   0.]
[-87.   0. -68. -65.   0.   0.   0.   0.   0.   0.]
[-92. -86.   0. -71.   0.   0. -96. -83.   0.   0.]
[  0. -90. -82. -50. -65.   0.   0.   0.   0.   0.]
[-86. -67.   0. -71. -59.   0.   0.   0.   0. -96.]
[  0.   0. -75. -49.   0. -74.   0.   0.   0.   0.]
[  0. -92.   0.   0. -62. -75.   0.   0.   0.   0.]
[-90. -96.   0. -71. -76.   0. -94.   0.   0.   0.]
[-67.   0. -86. -70. -76. -83.   0.   0.   0.   0.]
[-76.   0.   0. -69.   0.   0. -78.   0.   0.   0.]
[  0.   0. -90. -54. -75.   0.   0.   0.   0.   0.]
[  0.   0. -77. -50. -63. -79.   0.   0.   0.   0.]
[-78. -82. -83. -68.   0. -75. -75.   0.   0.   0.]
[-94. -91.   0. -66. -78.   0.   0. -84.   0.   0.]
[ -80.  -81.  -76.    0.  -81.    0. -105. -100.    0.    0.]
[  0. -83. -90. -71. -71. -91.   0.   0.   0.   0.]
[-90. -77. -85. -56.   0.   0.   0.   0.   0.   0.]
[-64.   0. -78. -70. -54.   0.   0.   0.   0.   0.]
[-90.   0. -84.   0. -79. -79.   0.   0.   0.   0.]
[  0. -75.   0. -69.   0.   0.   0.   0.   0.   0.]
[-89.   0. -62. -72. -73.   0.   0.   0.   0.   0.]
[  0. -76.   0. -71.   0.   0.   0.   0.   0.   0.]
[  0. -89. -81.   0.   0.   0.   0.   0.   0.   0.]
[-79.   0. -83.   0. -74.   0.   0.   0.   0. -93.]
[  0.   0. -59. -69. -63.   0.   0.   0.   0.   0.]
[-90.   0. -65.   0. -63.   0.   0.   0.   0.   0.]
[-90.   0.   0.   0.   0.   0.   0.   0.   0.   0.]
[-86. -88. -69. -54. -54.   0. -86.   0.   0.   0.]
[  0. -89.   0. -53.   0. -94.   0.   0.   0.   0.]
[  0.   0. -89. -71. -79.   0. -93.   0.   0.   0.]
[-96. -76.   0.   0.   0.   0.   0.   0.   0.   0.]
[  0.   0. -81.   0. -86.   0.   0.   0.   0.   0.]
[-81.   0. -69. -72.   0.   0.   0.   0.   0.   0.]
[-92.   0.   0. -50.   0.   0.   0.   0.   0.   0.]
[  0.   0.   0. -72. -76.   0.   0. -75.   0.   0.]
[  0.   0.   0.   0. -92.   0. -91.   0.   0.   0.]
[-88. -75. -82. -54. -75.   0.   0.   0.   0.   0.]
[-74. -93. -90.   0. -54.   0.   0. -99.   0.   0.]
[-92. -75. -68. -71.   0.   0.   0.   0.   0.   0.]
[-88.   0.   0.   0.   0. -83. -96.   0.   0.   0.]
[  0. -73. -69.   0.   0.   0.   0.   0.   0.   0.]
[-82.   0. -89.   0.   0.   0.   0.   0.   0.   0.]
[-95.   0. -60.   0. -54.   0.   0. -86.   0.   0.]
[  0. -77. -80. -68. -78.   0.   0.   0.   0.   0.]
[  0.   0. -80. -71. -80. -95.   0.   0.   0.   0.]
[-79.   0.   0. -55. -53.   0.   0.   0.   0.   0.]
[  0.   0. -78. -51. -58.   0.   0.   0.   0. -96.]
[-70. -89. -74. -51. -73.   0.   0. -94.   0.   0.]
[-92.   0. -66. -54.   0.   0.   0.   0.   0.   0.]
[ 0.  0.  0.  0.  0.  0.  0.  0.  0.  0.]
[  0.   0. -76. -62. -57.   0.   0.   0.   0. -81.]
[-95.   0.   0. -55. -77.   0.   0.   0.   0.   0.]
[-93. -78.   0. -62. -79. -86. -91.   0.   0.   0.]
[-89. -88. -61. -73.   0.   0.   0.   0.   0.   0.]
[-96. -78.   0. -53. -60. -82. -79.   0.   0.   0.]
[  0. -89.   0. -80. -71.   0.   0.   0.   0. -93.]
[-101.    0.  -64.  -55.    0.  -94.  -82.    0.    0.    0.]
[  0.   0. -81. -54. -58.   0.   0. -99.   0.   0.]
[-69.   0. -85. -61. -75. -79. -97.   0.   0.   0.]
[  0.   0. -78. -55. -60.   0. -85.   0.   0.   0.]
[-72.   0. -73. -77. -71.   0.   0. -93.   0.   0.]
[  0. -87. -61.   0. -71. -99.   0.   0.   0.   0.]
[-73.   0. -87. -70. -55.   0.   0.   0.   0.   0.]
[  0. -89.   0. -61. -79.   0.   0.   0.   0.   0.]
[-82. -79. -59. -53.   0. -71.   0.   0.   0.   0.]
[-68.   0.   0.   0.   0. -91.   0.   0.   0.   0.]
[-65. -74. -71. -59. -70. -94.   0.   0.   0.   0.]
[  0.   0. -75. -70. -61.   0. -94.   0.   0.   0.]
[  0. -84. -73. -72. -60.   0.   0.   0.   0.   0.]
[-80. -71. -74. -71. -61.   0.   0.   0.   0. -98.]
[-80.   0.   0. -56. -78. -83.   0.   0.   0.   0.]
[-84.   0. -78.   0. -73.   0.   0.   0.   0.   0.]
[-84.   0.   0. -57. -71. -85.   0.   0.   0.   0.]
[  0.   0. -86. -69. -57.   0.   0.   0.   0.   0.]
[  0. -71. -84. -52.   0. -98. -91. -92.   0.   0.]
[  0. -95. -74. -68. -71.   0.   0. -90.   0.   0.]
[  0.   0. -70.   0. -55. -77.   0.   0.   0. -93.]
[-87.   0.   0.   0. -56.   0.   0.   0.   0.   0.]
[-92.   0. -64. -51.   0.   0.   0.   0.   0.   0.]
