[-101.    0.    0.    0.    0.    0.    0.    0.    0.    0.]
[-81. -82. -88. -84.   0.   0.   0.   0.   0.   0.]
[-59. -67. -95. -84.   0.   0.   0.   0.   0.   0.]
[-69. -82. -94.   0.   0.   0.   0.   0.   0.   0.]
[-68. -87. -70.   0.   0.   0.   0.   0.   0.   0.]
[-70.   0. -84.   0.   0.   0.   0.   0.   0.   0.]
[-81. -57. -83.   0.   0.   0.   0.   0.   0.   0.]
[-65.   0. -96. -94.   0.   0.   0.   0.   0.   0.]
[-84. -58. -63.   0. -82.   0.   0.   0.   0.   0.]
[  0. -80.   0.   0. -79.   0.   0.   0.   0.   0.]
[-83. -60. -79. -93.   0.   0.   0.   0.   0.   0.]
[-87. -71. -64. -86.   0.   0.   0.   0.   0.   0.]
[  0. -72. -72. -81.   0.   0.   0.   0.   0.   0.]
[  0. -79. -75. -88.   0.   0.   0.   0.   0.   0.]
[-71. -90.   0.   0.   0.   0.   0.   0.   0.   0.]
[-87. -74. -72. -80.   0.   0.   0.   0.   0.   0.]
[  0. -81. -73. -69. -92. -97.   0.   0.   0.   0.]
[-88. -92. -76.   0.   0.   0.   0.   0.   0.   0.]
[-72. -76.   0.   0. -80.   0.   0. -93.   0.   0.]
[-91. -74. -63. -77.   0.   0.   0. -86.   0.   0.]
[   0.  -92.    0.  -69.  -77.    0. -103.    0.    0.    0.]
[  0. -75. -81. -63.   0. -83.   0.   0.   0.   0.]
[   0.  -91.  -69.    0. -103.    0.    0.    0.    0.    0.]
[   0. -100.    0.  -72.  -84.    0.    0.    0.    0.    0.]
[  0.   0. -84. -76.   0.   0.   0.   0.   0.   0.]
[  0.   0. -92. -55. -78.   0.   0.   0.   0.   0.]
[  0.   0. -79. -87.   0.   0.   0.   0.   0.   0.]
[  0.   0. -68. -70. -78. -82.   0.   0.   0.   0.]
[  0.   0. -86.   0. -72.   0.   0.   0.   0.   0.]
[  0.   0. -68.   0. -56.   0.   0. -82.   0.   0.]
[ -95.    0.  -85.    0.  -73.    0.    0. -101.    0.    0.]
[  0.   0. -95.   0.   0.   0.   0.   0.   0.   0.]
[  0.   0.   0. -89. -70. -94.   0.   0.   0.   0.]
[  0.   0.   0. -71.   0. -94. -80.   0.   0.   0.]
[ 0.  0.  0.  0.  0.  0.  0.  0.  0.  0.]
[  0.   0. -91. -86. -77.   0.   0. -80.   0.   0.]
[  0.   0.   0. -75. -64.   0. -95. -85.   0.   0.]
[  0.   0.   0.   0. -81.   0.   0.   0.   0.   0.]
[  0.   0.   0. -96. -79.   0. -92.   0.   0.   0.]
[  0.   0. -92.   0. -83.   0.   0.   0.   0.   0.]
[  0.   0. -95.   0. -69. -96.   0. -89.   0. -81.]
[  0.   0.   0. -85.   0.   0. -90.   0.   0.   0.]
[-86.   0. -85.   0.   0. -83. -84. -80.   0.   0.]
[  0.   0.   0. -97.   0.   0. -74.   0.   0.   0.]
[  0.   0.   0.   0. -81. -94. -88. -81.   0. -80.]
[  0.   0. -99.   0. -94. -92. -83. -88.   0.   0.]
[  0.   0. -87.   0.   0.   0.   0.   0.   0.   0.]
[  0.   0.   0.   0.   0.   0. -71. -82.   0.   0.]
[   0.    0.    0.    0. -101.  -93.  -65.    0.    0.    0.]
[  0.   0.   0.   0.   0. -93. -81.   0.   0. -99.]
[   0.    0.    0.    0. -100.    0.    0.  -64.    0.  -84.]
[  0.   0.   0.   0.   0. -97. -79. -72.   0.   0.]
[  0.   0.   0.   0.   0.   0. -91.   0.   0.   0.]
[  0.   0.   0.   0.   0.   0.   0. -70.   0.   0.]
[  0.   0.   0.   0.   0. -96. -87.   0.   0.   0.]
[  0.   0.   0.   0. -95.   0. -84. -59.   0.   0.]
[  0.   0.   0.   0.   0. -82.   0.   0.   0.   0.]
[  0.   0.   0.   0.   0. -71. -78.   0.   0.   0.]
