[  0.   0.   0.   0.   0.   0.   0.   0.   0. -74.]
[  0.   0.   0.   0.   0.   0.   0. -63.   0.   0.]
[  0.   0.   0.   0.   0.   0. -80.   0.   0.   0.]
[  0.   0.   0.   0.   0.   0.   0.   0.   0. -71.]
[  0.   0.   0.   0.   0.   0.   0. -61.   0. -79.]
[  0.   0.   0.   0.   0.   0.   0. -79. -80. -71.]
[  0.   0.   0.   0.   0.   0. -65.   0. -61.   0.]
[  0.   0.   0.   0.   0.   0. -81. -62. -64.   0.]
[  0.   0.   0.   0.   0.   0.   0.   0.   0. -62.]
[  0.   0.   0.   0.   0.   0.   0.   0.   0. -54.]
[  0.   0.   0.   0.   0.   0. -77.   0. -81.   0.]
[  0.   0.   0.   0.   0.   0. -80. -75.   0.   0.]
[  0.   0.   0.   0.   0.   0. -76.   0. -78. -69.]
[  0.   0.   0.   0.   0.   0. -70.   0. -80.   0.]
[  0.   0.   0.   0.   0.   0. -76. -71. -78.   0.]
[  0.   0.   0.   0.   0.   0. -81. -61. -84.   0.]
[  0.   0.   0.   0.   0.   0. -83. -84. -82. -81.]
[  0.   0.   0.   0.   0.   0. -75. -61.   0.   0.]
[  0.   0.   0.   0.   0.   0. -73. -63.   0. -57.]
[ 0.  0.  0.  0.  0.  0.  0.  0.  0.  0.]
[  0.   0.   0.   0.   0.   0.   0. -73.   0. -70.]
[  0.   0.   0.   0.   0.   0.   0.   0. -73. -82.]
[  0.   0.   0.   0.   0.   0.   0. -65.   0.   0.]
[ 0.  0.  0.  0.  0.  0.  0.  0.  0.  0.]
[  0.   0.   0.   0.   0.   0.   0.   0. -64.   0.]
[  0.   0.   0.   0.   0.   0.   0. -67. -66.   0.]
[  0.   0.   0.   0.   0.   0. -78.   0. -85.   0.]
[  0.   0.   0.   0.   0.   0. -76.   0. -81. -76.]
[  0.   0.   0.   0.   0.   0.   0. -68. -73.   0.]
[  0.   0.   0.   0.   0.   0. -74.   0. -71.   0.]
[ 0.  0.  0.  0.  0.  0.  0.  0.  0.  0.]
[  0.   0.   0.   0.   0.   0. -73.   0.   0. -79.]
[  0.   0.   0.   0.   0.   0. -73.   0.   0. -56.]
[  0.   0.   0.   0.   0.   0.   0.   0.   0. -78.]
[  0.   0.   0.   0.   0.   0.   0.   0. -80.   0.]
[  0.   0.   0.   0.   0.   0. -89.   0. -67.   0.]
