[  0.   0.   0.   0.   0.   0. -56.   0.   0. -78.]
[  0.   0.   0.   0.   0.   0. -73.   0. -68.   0.]
[  0.   0.   0.   0.   0.   0. -72.   0. -50. -71.]
[  0.   0.   0.   0.   0.   0. -56.   0. -67.   0.]
[  0.   0.   0.   0.   0.   0. -73. -60.   0. -73.]
[  0.   0.   0.   0.   0.   0. -72. -58. -51. -60.]
[  0.   0.   0.   0.   0.   0. -78. -54.   0. -74.]
[  0.   0.   0.   0.   0.   0.   0. -72. -64. -67.]
[  0.   0.   0.   0.   0.   0. -82.   0. -80.   0.]
[  0.   0.   0.   0.   0.   0. -51. -69.   0. -76.]
[  0.   0.   0.   0.   0.   0. -67. -64.   0. -59.]
[  0.   0.   0.   0.   0.   0. -59.   0.   0. -65.]
[  0.   0.   0.   0.   0.   0.   0.   0. -74. -74.]
[  0.   0.   0.   0.   0.   0. -59.   0. -59. -62.]
[  0.   0.   0.   0.   0.   0. -70. -59. -69. -68.]
[  0.   0.   0.   0.   0.   0. -57. -60. -75.   0.]
[  0.   0.   0.   0.   0.   0.   0. -62.   0. -70.]
[  0.   0.   0.   0.   0.   0.   0. -55.   0. -53.]
[  0.   0.   0.   0.   0.   0. -90.   0. -58. -71.]
[  0.   0.   0.   0.   0.   0.   0.   0. -70. -72.]
[  0.   0.   0.   0.   0.   0. -61.   0. -60. -58.]
[  0.   0.   0.   0.   0.   0. -76. -85.   0.   0.]
[ 0.  0.  0.  0.  0.  0.  0.  0.  0.  0.]
[ 0.  0.  0.  0.  0.  0.  0.  0.  0.  0.]
[ 0.  0.  0.  0.  0.  0.  0.  0.  0.  0.]
[  0.   0.   0.   0.   0.   0.   0. -87.   0.   0.]
[  0.   0.   0.   0.   0.   0. -61. -69. -66.   0.]
[  0.   0.   0.   0.   0.   0.   0. -79.   0. -75.]
[  0.   0.   0.   0.   0.   0.   0.   0. -85. -78.]
[ 0.  0.  0.  0.  0.  0.  0.  0.  0.  0.]
[ 0.  0.  0.  0.  0.  0.  0.  0.  0.  0.]
[ 0.  0.  0.  0.  0.  0.  0.  0.  0.  0.]
[ 0.  0.  0.  0.  0.  0.  0.  0.  0.  0.]
[ 0.  0.  0.  0.  0.  0.  0.  0.  0.  0.]
[ 0.  0.  0.  0.  0.  0.  0.  0.  0.  0.]
[ 0.  0.  0.  0.  0.  0.  0.  0.  0.  0.]
[ 0.  0.  0.  0.  0.  0.  0.  0.  0.  0.]
[ 0.  0.  0.  0.  0.  0.  0.  0.  0.  0.]
[ 0.  0.  0.  0.  0.  0.  0.  0.  0.  0.]
[ 0.  0.  0.  0.  0.  0.  0.  0.  0.  0.]
[ 0.  0.  0.  0.  0.  0.  0.  0.  0.  0.]
[ 0.  0.  0.  0.  0.  0.  0.  0.  0.  0.]
[ 0.  0.  0.  0.  0.  0.  0.  0.  0.  0.]
[ 0.  0.  0.  0.  0.  0.  0.  0.  0.  0.]
[  0.   0.   0.   0.   0.   0.   0. -80.   0.   0.]
[ 0.  0.  0.  0.  0.  0.  0.  0.  0.  0.]
[ 0.  0.  0.  0.  0.  0.  0.  0.  0.  0.]
[ 0.  0.  0.  0.  0.  0.  0.  0.  0.  0.]
[ 0.  0.  0.  0.  0.  0.  0.  0.  0.  0.]
[ 0.  0.  0.  0.  0.  0.  0.  0.  0.  0.]
[ 0.  0.  0.  0.  0.  0.  0.  0.  0.  0.]
[ 0.  0.  0.  0.  0.  0.  0.  0.  0.  0.]
[ 0.  0.  0.  0.  0.  0.  0.  0.  0.  0.]
[ 0.  0.  0.  0.  0.  0.  0.  0.  0.  0.]
[ 0.  0.  0.  0.  0.  0.  0.  0.  0.  0.]
[ 0.  0.  0.  0.  0.  0.  0.  0.  0.  0.]
[ 0.  0.  0.  0.  0.  0.  0.  0.  0.  0.]
[ 0.  0.  0.  0.  0.  0.  0.  0.  0.  0.]
[ 0.  0.  0.  0.  0.  0.  0.  0.  0.  0.]
[ 0.  0.  0.  0.  0.  0.  0.  0.  0.  0.]
[ 0.  0.  0.  0.  0.  0.  0.  0.  0.  0.]
[ 0.  0.  0.  0.  0.  0.  0.  0.  0.  0.]
[ 0.  0.  0.  0.  0.  0.  0.  0.  0.  0.]
[ 0.  0.  0.  0.  0.  0.  0.  0.  0.  0.]
[ 0.  0.  0.  0.  0.  0.  0.  0.  0.  0.]
[ 0.  0.  0.  0.  0.  0.  0.  0.  0.  0.]
[ 0.  0.  0.  0.  0.  0.  0.  0.  0.  0.]
[ 0.  0.  0.  0.  0.  0.  0.  0.  0.  0.]
[ 0.  0.  0.  0.  0.  0.  0.  0.  0.  0.]
[ 0.  0.  0.  0.  0.  0.  0.  0.  0.  0.]
