[-87. -67.   0. -75.   0.   0.   0.   0.   0.   0.]
[  0. -63. -64.   0. -76.   0.   0.   0.   0.   0.]
[-78.   0.   0.   0.   0.   0.   0.   0.   0.   0.]
[  0. -68.   0. -81. -89.   0.   0.   0.   0.   0.]
[-93. -91. -58. -72.   0.   0.   0.   0.   0.   0.]
[-88.   0.   0. -81.   0.   0.   0.   0.   0.   0.]
[-89. -66. -73.   0.   0.   0.   0.   0.   0.   0.]
[  0.   0.   0. -82.   0.   0.   0.   0.   0.   0.]
[  0. -62. -46.   0.   0.   0.   0.   0.   0.   0.]
[  0. -80. -63. -74.   0.   0.   0.   0.   0.   0.]
[  0.   0. -59. -86.   0.   0. -99.   0.   0.   0.]
[-66.   0. -44. -70. -82.   0.   0.   0.   0.   0.]
[-88. -72. -70.   0.   0.   0. -78.   0.   0.   0.]
[-80.   0.   0. -75.   0.   0.   0. -96.   0.   0.]
[-80. -65. -79. -62.   0.   0.   0.   0.   0.   0.]
[-84.   0.   0.   0.   0.   0.   0.   0.   0.   0.]
[  0. -78. -51.   0.   0. -79.   0.   0.   0.   0.]
[  0. -67. -48. -72.   0.   0.   0.   0.   0.   0.]
[  0.   0.   0. -67. -78.   0.   0.   0.   0.   0.]
[  0.   0. -43. -80. -89.   0.   0.   0.   0.   0.]
[  0. -65. -48. -70.   0.   0.   0.   0.   0.   0.]
[  0. -70. -57.   0.   0.   0.   0.   0.   0.   0.]
[  0. -62. -71. -89.   0.   0.   0.   0.   0.   0.]
[-73. -55.   0. -93.   0.   0.   0.   0.   0.   0.]
[-73.   0. -56.   0. -82.   0.   0.   0.   0.   0.]
[  0. -61.   0. -85.   0.   0.   0.   0.   0.   0.]
[  0. -63. -76.   0. -84.   0.   0.   0.   0.   0.]
[  0.   0. -90.   0.   0.   0.   0.   0.   0.   0.]
[-67. -59. -69. -81.   0.   0.   0.   0.   0.   0.]
[-74. -65. -65. -66. -86.   0.   0.   0.   0.   0.]
[  0. -87. -45.   0. -75. -79.   0.   0.   0.   0.]
[-64.   0. -49.   0. -88. -97.   0.   0.   0.   0.]
[-76.   0. -45.   0.   0.   0.   0.   0.   0.   0.]
[-68.   0. -54. -79. -86.   0.   0.   0.   0.   0.]
[  0. -90. -47. -61.   0. -75.   0.   0.   0.   0.]
[  0.   0.   0.   0. -89.   0.   0.   0.   0.   0.]
[-87. -60. -59. -72. -63.   0. -97.   0.   0.   0.]
[-59. -81. -64.   0. -63.   0.   0. -90.   0.   0.]
[-72. -71.   0. -62. -78.   0.   0.   0.   0. -80.]
[-60. -69.   0. -66. -82. -94.   0.   0.   0.   0.]
[-82. -73. -63. -57. -87. -82.   0. -94.   0. -83.]
[  0.   0. -56. -63. -90.   0.   0.   0.   0.   0.]
[-71. -71. -73. -61.   0.   0.   0.   0.   0.   0.]
[-97.   0.   0.   0.   0.   0.   0.   0.   0.   0.]
[-82. -59. -54.   0. -71.   0.   0.   0.   0.   0.]
[-76. -76. -74. -89. -87.   0.   0.   0.   0.   0.]
[-72. -52. -74. -69.   0.   0.   0.   0.   0.   0.]
[-69. -57. -53. -70.   0.   0.   0.   0.   0.   0.]
[-61.   0.   0.   0. -86.   0.   0.   0.   0.   0.]
[-60. -63.   0. -63. -81.   0.   0.   0.   0.   0.]
[-66. -71. -71. -71. -93.   0.   0.   0.   0.   0.]
[-73. -85. -71. -82. -89.   0.   0.   0.   0.   0.]
[-81. -75. -75.   0.   0.   0.   0.   0.   0.   0.]
[  0. -79.   0. -83.   0.   0.   0.   0.   0.   0.]
[-81. -82. -46. -74. -87.   0.   0.   0.   0.   0.]
[-63. -72. -64. -53.   0.   0. -78.   0.   0.   0.]
[-85.   0. -50. -89.   0.   0.   0.   0.   0.   0.]
[-73.   0. -68. -68.   0.   0.   0.   0.   0.   0.]
[-64. -69. -39. -73. -86.   0.   0.   0.   0.   0.]
[-86.   0. -57. -68. -89.   0.   0.   0.   0.   0.]
[  0. -85. -61.   0.   0.   0. -92.   0.   0.   0.]
[-92. -80. -60. -60.   0. -94. -92. -80.   0.   0.]
[-65. -76. -61.   0.   0. -74.   0.   0.   0.   0.]
[  0.   0.   0. -54.   0.   0. -82.   0.   0.   0.]
[-70. -64. -57. -85. -69.   0. -88. -80.   0.   0.]
[-62.   0.   0. -76.   0.   0.   0. -91.   0.   0.]
[-70. -73. -57. -56. -79.   0.   0. -91.   0.   0.]
[  0.   0. -61. -66.   0.   0. -77.   0.   0.   0.]
[  0. -70. -41. -52. -81.   0.   0.   0.   0.   0.]
[  0.   0. -58.   0.   0.   0.   0.   0.   0.   0.]
[  0. -83. -63.   0.   0.   0. -89. -90.   0.   0.]
[-80.   0. -57.   0.   0.   0.   0. -79.   0.   0.]
[-77. -81. -60.   0.   0.   0.   0.   0.   0.   0.]
[-82.   0. -42. -65.   0.   0.   0.   0.   0.   0.]
[  0.   0.   0. -66.   0.   0.   0.   0.   0.   0.]
[-85. -80. -68. -75.   0.   0.   0.   0.   0.   0.]
[  0.   0.   0.   0.   0. -81.   0.   0.   0.   0.]
[  0. -84. -48.   0. -78.   0.   0.   0.   0.   0.]
[-83. -69. -57. -76. -71.   0.   0. -97.   0.   0.]
[  0.   0.   0. -85.   0.   0.   0.   0.   0.   0.]
[-69. -62. -49.   0. -91.   0.   0.   0.   0.   0.]
[  0. -83. -51. -76. -84.   0.   0.   0.   0.   0.]
[  0. -86.   0. -61.   0.   0.   0. -80.   0.   0.]
[  0. -65. -83.   0.   0.   0.   0.   0.   0.   0.]
[-89. -79.   0.   0. -91.   0.   0.   0.   0.   0.]
[  0.   0. -72. -77. -67. -80. -98.   0.   0.   0.]
[-86. -81. -68. -59. -83.   0.   0.   0.   0.   0.]
[-75.   0. -44.   0. -93.   0.   0.   0.   0.   0.]
[-79.   0.   0. -72.   0.   0.   0.   0.   0. -98.]
[-78.   0. -51. -85. -93.   0.   0.   0.   0.   0.]
[-67. -81. -74.   0. -80.   0.   0.   0.   0.   0.]
[-83. -63. -62. -85.   0.   0.   0. -74.   0.   0.]
[-72. -78. -66.   0. -72.   0.   0.   0.   0.   0.]
[  0. -63. -60. -67.   0.   0.   0.   0.   0.   0.]
[-60. -79. -63.   0. -67.   0.   0.   0.   0.   0.]
[  0. -79. -68. -75. -84. -76.   0.   0.   0.   0.]
[  0. -80. -41. -79. -79. -77.   0.   0.   0.   0.]
[  0. -71. -58.   0.   0. -71.   0.   0.   0.   0.]
[-83. -57.   0. -75.   0.   0.   0.   0.   0.   0.]
[  0. -65. -46. -69.   0.   0.   0.   0.   0.   0.]
[-92. -63. -58. -66.   0.   0.   0.   0.   0.   0.]
[-81. -71. -59.   0.   0.   0.   0.   0.   0.   0.]
[-60.   0. -47. -83. -78.   0.   0.   0.   0.   0.]
[  0.   0. -54.   0.   0.   0.   0.   0.   0.   0.]
[ 0.  0.  0.  0.  0.  0.  0.  0.  0.  0.]
[  0.   0.   0. -70. -89.   0.   0.   0.   0.   0.]
[-57. -84. -54.   0. -85.   0.   0.   0.   0.   0.]
[  0. -84. -76.   0.   0.   0.   0.   0.   0.   0.]
[  0. -84.   0. -76. -78.   0.   0.   0.   0.   0.]
[  0. -69. -56. -79. -79.   0.   0.   0.   0.   0.]
[-65. -87. -91. -83.   0. -81.   0.   0.   0.   0.]
[  0. -60. -72. -84.   0. -81.   0.   0.   0.   0.]
[  0. -67. -73. -89. -75. -83.   0.   0.   0.   0.]
[-85. -67.   0. -64. -92.   0.   0.   0.   0.   0.]
[  0. -71.   0.   0. -78.   0.   0.   0.   0.   0.]
[-86. -60.   0.   0. -89.   0.   0.   0.   0.   0.]
[-84. -69. -67.   0. -88.   0.   0.   0.   0. -89.]
[-67. -62. -69. -66. -73.   0.   0.   0.   0.   0.]
[  0.   0. -68.   0. -68. -86.   0.   0.   0.   0.]
[  0. -85.   0.   0. -85.   0.   0.   0.   0.   0.]
[-66.   0.   0. -86. -90.   0.   0.   0.   0.   0.]
[  0. -62. -68. -85. -92.   0.   0.   0.   0.   0.]
[-62. -67. -78.   0. -76. -94.   0.   0.   0.   0.]
[-86.   0. -70.   0.   0.   0.   0.   0.   0.   0.]
[-86. -85. -53.   0.   0. -80.   0.   0.   0.   0.]
[-71.   0. -80. -67. -89.   0.   0.   0.   0.   0.]
[-76. -84.   0. -65.   0.   0.   0.   0.   0.   0.]
[  0.   0.   0. -90. -70. -81.   0.   0.   0.   0.]
[  0. -64. -65.   0.   0.   0.   0.   0.   0.   0.]
[  0. -88. -44.   0.   0. -97.   0. -94.   0.   0.]
[  0. -62. -70. -69. -93.   0.   0.   0.   0.   0.]
[-75. -75.   0. -66. -98.   0.   0.   0.   0.   0.]
[-57. -61. -80.   0. -90. -98.   0.   0.   0.   0.]
[-68. -67. -77. -82.   0.   0.   0.   0.   0.   0.]
[  0. -78. -66.   0.   0. -77. -93.   0.   0.   0.]
[-88.   0.   0.   0.   0. -84.   0.   0.   0. -84.]
[-82. -76.   0. -83.   0.   0.   0.   0.   0.   0.]
[-64.   0. -55.   0.   0. -94.   0.   0.   0.   0.]
[  0. -79. -69.   0.   0. -83.   0.   0.   0.   0.]
[-79.   0. -71. -69.   0.   0.   0.   0.   0.   0.]
[ -74.    0.  -73.    0.  -76. -100.    0.    0.    0.    0.]
[-81. -76. -53. -90.   0.   0.   0.   0.   0.   0.]
[ -81.  -62.    0.  -80. -101.  -99.    0.    0.    0.    0.]
[  0.   0. -59. -79.   0. -92.   0.   0.   0.   0.]
[-70.   0. -72. -90.   0.   0.   0.   0.   0.   0.]
[-61.   0. -90. -86.   0.   0.   0.   0.   0.   0.]
[-60. -62. -73. -90. -81. -83.   0. -84.   0.   0.]
[-67.   0. -84. -72.   0.   0.   0.   0.   0.   0.]
[-59. -77.   0.   0. -79.   0.   0.   0.   0.   0.]
[-58.   0. -61.   0.   0.   0.   0.   0.   0.   0.]
[  0. -90.   0. -89.   0.   0.   0.   0.   0.   0.]
[-73.   0. -54.   0. -96.   0.   0.   0.   0.   0.]
[-69.   0. -55. -83.   0.   0.   0.   0.   0.   0.]
[-68. -68.   0. -80.   0.   0.   0.   0.   0.   0.]
[-75.   0. -57. -78.   0.   0.   0.   0.   0.   0.]
[-78. -83.   0.   0. -95. -91.   0.   0.   0.   0.]
[-66.   0. -73. -95.   0.   0.   0.   0.   0.   0.]
[  0.   0.   0.   0.   0.   0.   0. -96.   0.   0.]
[-78.   0. -52. -72.   0. -83.   0.   0.   0.   0.]
[-80. -62. -77. -72. -84. -82.   0.   0.   0.   0.]
[  0.   0.   0. -84.   0. -91.   0.   0.   0.   0.]
[  0.   0. -72. -72.   0. -77.   0.   0.   0.   0.]
[  0. -87.   0.   0. -82. -86.   0.   0.   0.   0.]
[-90. -88. -55. -91.   0.   0.   0. -84.   0.   0.]
[ -78.  -80.  -60.    0. -100.    0.    0.    0.    0.    0.]
[  0.   0. -75.   0.   0.   0.   0.   0.   0.   0.]
[  0. -81. -73.   0.   0.   0.   0.   0.   0.   0.]
[ 0.  0.  0.  0.  0.  0.  0.  0.  0.  0.]
[-93. -76. -71.   0.   0. -80.   0.   0.   0.   0.]
[  0.   0.   0. -81.   0.   0.   0.   0.   0.   0.]
[-80. -70. -78. -89.   0. -92.   0.   0.   0.   0.]
[  0. -85. -61. -98.   0.   0.   0. -87.   0.   0.]
[-82. -66.   0.   0.   0.   0.   0.   0.   0.   0.]
[-62. -79. -77.   0.   0.   0.   0. -83.   0.   0.]
[-76. -63. -76. -85. -89. -78.   0.   0.   0.   0.]
[-76. -66. -61. -84.   0.   0.   0.   0.   0.   0.]
[-90. -77.   0.   0. -94.   0.   0.   0.   0.   0.]
[-91. -72. -71.   0.   0.   0.   0.   0.   0. -89.]
[-71. -65. -72. -74.   0. -84.   0. -94.   0.   0.]
[  0. -85. -60. -92.   0.   0.   0.   0.   0.   0.]
[-66. -78. -54.   0. -77.   0.   0.   0.   0.   0.]
[-73.   0. -52. -70.   0.   0.   0.   0.   0.   0.]
[-62.   0. -70. -69.   0.   0.   0.   0.   0.   0.]
[  0.   0. -47. -77. -95.   0.   0.   0.   0.   0.]
[-89.   0.   0. -81. -95.   0.   0.   0.   0.   0.]
[  0. -72. -47. -74.   0.   0.   0.   0.   0.   0.]
[-92. -84. -69. -81. -91.   0.   0. -99.   0.   0.]
[  0.   0. -54.   0.   0.   0.   0.   0.   0.   0.]
[  0. -95. -67.   0.   0.   0.   0.   0.   0.   0.]
[ -74. -103.    0.    0.  -74.    0.    0.    0.    0.    0.]
[-84. -70. -58. -79.   0. -86.   0.   0.   0.   0.]
[-81. -84.   0. -68.   0.   0.   0.   0.   0.   0.]
[  0. -68. -68.   0.   0.   0.   0.   0.   0.   0.]
[  0. -79. -53. -79.   0.   0.   0.   0.   0.   0.]
[-83.   0. -73. -81.   0.   0.   0.   0.   0.   0.]
[  0.   0. -72. -84.   0.   0.   0.   0.   0.   0.]
[-69.   0. -53.   0.   0.   0.   0.   0.   0.   0.]
[-83.   0.   0. -64.   0.   0.   0.   0.   0.   0.]
[-83. -82. -53. -68.   0.   0.   0.   0.   0.   0.]
[-73. -64. -58. -67.   0.   0.   0.   0.   0.   0.]
[  0. -85. -52. -69. -94.   0.   0.   0.   0.   0.]
[-84. -85. -75. -82. -97.   0.   0.   0.   0.   0.]
[  0.   0. -52. -82. -96.   0.   0.   0.   0.   0.]
[-82. -83. -72. -83. -95.   0.   0.   0.   0.   0.]
[  0.   0. -63. -65. -80.   0.   0.   0.   0.   0.]
[  0.   0. -73. -64.   0. -87.   0.   0.   0.   0.]
[-68.   0.   0.   0.   0.   0.   0.   0.   0.   0.]
[-81. -90.   0. -89.   0.   0.   0.   0.   0.   0.]
[-77. -82. -70. -85.   0. -79.   0.   0.   0.   0.]
[ -80.    0.  -69.  -85. -101.    0.    0.    0.    0.    0.]
[ -87.    0.  -66.  -67.  -96. -101.    0.    0.    0.    0.]
[  0. -61. -57. -71.   0. -84.   0.   0.   0.   0.]
[-65. -66.   0. -67. -94.   0.   0.   0.   0.   0.]
[-71.   0.   0. -62.   0.   0.   0.   0.   0.   0.]
[-89.   0. -70. -67.   0.   0.   0.   0.   0.   0.]
[-87. -66. -69.   0.   0.   0.   0.   0.   0.   0.]
[  0.   0.   0. -73.   0.   0.   0.   0.   0.   0.]
[-63. -81. -78. -83. -92.   0.   0.   0.   0.   0.]
[-81.   0. -76.   0.   0.   0.   0.   0.   0.   0.]
[  0. -85.   0.   0.   0.   0.   0.   0.   0.   0.]
[-92. -74. -74.   0.   0.   0.   0.   0.   0.   0.]
[-82.   0. -59.   0.   0.   0.   0.   0.   0.   0.]
[-81.   0. -79.   0.   0.   0.   0.   0.   0.   0.]
[ 0.  0.  0.  0.  0.  0.  0.  0.  0.  0.]
[-65. -63. -70. -76.   0.   0.   0.   0.   0.   0.]
[-83. -81.   0.   0.   0.   0.   0.   0.   0.   0.]
[-67. -83. -51. -84.   0.   0.   0.   0.   0.   0.]
[  0.   0. -62. -88.   0.   0.   0.   0.   0.   0.]
[   0.  -66.  -80.  -80. -101.    0.    0.    0.    0.    0.]
[-80.   0.   0. -91.   0.   0.   0.   0.   0.   0.]
[  0.   0.   0. -73.   0.   0.   0.   0.   0.   0.]
[-64. -67. -71. -87. -81.   0.   0.   0.   0.   0.]
[  0. -78. -56. -83.   0. -95.   0.   0.   0.   0.]
[-75.   0. -69. -95.   0.   0.   0.   0.   0.   0.]
[-81. -82.   0. -78. -95.   0.   0.   0.   0.   0.]
[-76.   0.   0.   0.   0.   0.   0.   0.   0.   0.]
[  0.   0. -58. -71.   0.   0.   0.   0.   0.   0.]
[-82.   0. -72. -82.   0.   0.   0.   0.   0.   0.]
[-61. -85.   0. -93.   0.   0.   0.   0.   0.   0.]
[-63.   0.   0. -85.   0.   0.   0.   0.   0.   0.]
[  0.   0. -62. -86.   0.   0.   0.   0.   0.   0.]
[-87.   0. -56. -70.   0.   0.   0.   0.   0.   0.]
[-77.   0. -72.   0.   0.   0.   0.   0.   0.   0.]
[-83. -88. -71.   0.   0.   0.   0.   0.   0.   0.]
[  0. -78.   0. -68.   0.   0.   0.   0.   0.   0.]
