[  0.   0. -86.   0.   0. -90.   0.   0.   0. -94.]
[  0.   0. -72.   0.   0. -67. -89.   0.   0. -84.]
[  0. -91.   0.   0. -65.   0. -81.   0.   0.   0.]
[  0.   0.   0.   0. -89.   0. -69.   0.   0.   0.]
[  0.   0.   0. -94. -84.   0. -53. -56.   0. -92.]
[  0.   0. -67. -94.   0. -76. -78. -51.   0.   0.]
[  0.   0. -75.   0.   0. -87. -77. -79.   0. -73.]
[  0. -87.   0.   0.   0. -97. -86. -90.   0. -95.]
[-91.   0.   0. -72. -81.   0. -88.   0.   0.   0.]
[-71.   0. -88. -84. -83. -75. -69. -67.   0.   0.]
[  0.   0.   0. -75. -74.   0. -84.   0.   0.   0.]
[-70.   0. -84. -77. -79.   0. -92. -72.   0.   0.]
[  0. -83.   0. -68.   0.   0. -96. -89.   0.   0.]
[-94. -83.   0. -93. -48.   0.   0.   0.   0.   0.]
[-73.   0. -81.   0.   0.   0.   0.   0.   0.   0.]
[  0. -82. -73.   0. -62.   0.   0.   0.   0.   0.]
[-81. -91. -73. -77. -96.   0.   0.   0.   0.   0.]
[-80.   0.   0. -77. -79.   0.   0.   0.   0.   0.]
[-66.   0. -60. -56. -69.   0.   0.   0.   0.   0.]
[  0.   0. -71.   0. -94.   0.   0.   0.   0.   0.]
[-64. -58. -45. -63.   0.   0.   0.   0.   0.   0.]
[-93. -76.   0.   0.   0.   0.   0.   0.   0.   0.]
[-75. -76. -72.   0.   0.   0.   0.   0.   0.   0.]
[  0.   0. -84.   0. -95.   0.   0.   0.   0.   0.]
[ 0.  0.  0.  0.  0.  0.  0.  0.  0.  0.]
[-64. -49.   0.   0.   0.   0.   0.   0.   0.   0.]
[  0. -71.   0.   0.   0.   0.   0.   0.   0.   0.]
[-68. -76.   0.   0.   0.   0.   0.   0.   0.   0.]
[-69.   0. -91.   0.   0.   0.   0.   0.   0.   0.]
[-61. -73. -84.   0.   0.   0.   0.   0.   0.   0.]
[-59. -90.   0.   0.   0.   0.   0.   0.   0.   0.]
[-78. -76. -69.   0.   0.   0.   0.   0.   0.   0.]
[-52.   0.   0.   0.   0.   0.   0.   0.   0.   0.]
[  0. -76.   0.   0.   0.   0.   0.   0.   0.   0.]
[-86. -80.   0.   0.   0.   0.   0.   0.   0.   0.]
[-68.   0. -80.   0.   0.   0.   0.   0.   0.   0.]
[-91.   0. -90.   0.   0.   0.   0.   0.   0.   0.]
[  0. -60. -81.   0.   0.   0.   0.   0.   0.   0.]
[-70. -86. -66.   0.   0.   0.   0.   0.   0.   0.]
[-62. -61. -87. -94.   0.   0.   0.   0.   0.   0.]
[-85. -88.   0.   0.   0.   0.   0.   0.   0.   0.]
[  0. -62.   0.   0.   0.   0.   0. -80.   0.   0.]
[  0. -65. -70.   0.   0.   0.   0.   0.   0.   0.]
[-84. -65. -77. -74. -95.   0.   0.   0.   0.   0.]
[  0. -60.   0.   0.   0.   0.   0.   0.   0.   0.]
