[  0.   0.   0.   0.   0.   0.   0.   0. -34.   0.]
[  0.   0.   0.   0.   0.   0.   0.   0. -34.   0.]
[ 0.  0.  0.  0.  0.  0.  0.  0.  0.  0.]
[ 0.  0.  0.  0.  0.  0.  0.  0.  0.  0.]
[  0.   0.   0.   0.   0.   0.   0.   0. -43.   0.]
[  0.   0.   0.   0.   0.   0.   0.   0. -34.   0.]
[ 0.  0.  0.  0.  0.  0.  0.  0.  0.  0.]
[  0.   0.   0.   0.   0.   0.   0.   0. -45.   0.]
[  0.   0.   0.   0.   0.   0.   0.   0. -46.   0.]
[  0.   0.   0.   0.   0.   0.   0.   0. -46.   0.]
[  0.   0.   0.   0.   0.   0.   0.   0. -34.   0.]
[ 0.  0.  0.  0.  0.  0.  0.  0.  0.  0.]
[ 0.  0.  0.  0.  0.  0.  0.  0.  0.  0.]
[ 0.  0.  0.  0.  0.  0.  0.  0.  0.  0.]
[ 0.  0.  0.  0.  0.  0.  0.  0.  0.  0.]
[  0.   0.   0.   0.   0.   0.   0.   0. -34.   0.]
[  0.   0.   0.   0.   0.   0.   0.   0. -43.   0.]
[  0.   0.   0.   0.   0.   0.   0.   0. -25.   0.]
[ 0.  0.  0.  0.  0.  0.  0.  0.  0.  0.]
