-100 -100 -100 -100 -100 -100 -100 -100 -100 -100 
-100 -100 -100 -100 -100 -100 -100 -100 -100 -100 
-100 -100 -100 -100 -100 -34 -100 -100 -100 -100 
-100 -100 -100 -100 -100 -38 -100 -100 -100 -100 
-100 -100 -100 -100 -100 -31 -100 -100 -100 -100 
-100 -100 -100 -100 -100 -34 -100 -100 -100 -100 
-100 -100 -100 -100 -100 -34 -100 -100 -100 -100 
-100 -100 -100 -100 -100 -38 -100 -100 -100 -100 
-100 -100 -100 -100 -100 -40 -100 -100 -100 -100 
-100 -100 -100 -100 -100 -100 -100 -100 -100 -100 
-100 -100 -100 -100 -100 -40 -100 -100 -100 -100 
-100 -100 -100 -100 -100 -34 -100 -100 -100 -100 
-100 -100 -100 -100 -100 -38 -100 -100 -100 -100 
-100 -100 -100 -100 -100 -43 -100 -100 -100 -100 
-100 -100 -100 -100 -100 -34 -100 -100 -100 -100 
-100 -100 -100 -100 -100 -100 -100 -100 -100 -100 
-100 -100 -100 -100 -100 -41 -100 -100 -100 -100 
-100 -100 -100 -100 -100 -100 -100 -100 -100 -100 
-100 -100 -100 -100 -100 -100 -100 -100 -100 -100 
-100 -100 -100 -100 -100 -34 -100 -100 -100 -100 
-100 -100 -100 -100 -100 -39 -100 -100 -100 -100 
-100 -100 -100 -100 -100 -100 -100 -100 -100 -100 
-100 -100 -100 -100 -100 -34 -100 -100 -100 -100 
-100 -100 -100 -100 -100 -100 -100 -100 -100 -100 
-100 -100 -100 -100 -100 -34 -100 -100 -100 -100 
-100 -100 -100 -100 -100 -39 -100 -100 -100 -100 
-100 -100 -100 -100 -100 -34 -100 -100 -100 -100 
-100 -100 -100 -100 -100 -39 -100 -100 -100 -100 
-100 -100 -100 -100 -100 -40 -100 -100 -100 -100 
-100 -100 -100 -100 -100 -34 -100 -100 -100 -100 
-100 -100 -100 -100 -100 -100 -100 -100 -100 -100 
-100 -100 -100 -100 -100 -100 -100 -100 -100 -100 
-100 -100 -100 -100 -100 -40 -100 -100 -100 -100 
-100 -100 -100 -100 -100 -100 -100 -100 -100 -100 
-100 -100 -100 -100 -100 -100 -100 -100 -100 -100 
-100 -100 -100 -100 -100 -34 -100 -100 -100 -100 
-100 -100 -100 -100 -100 -100 -100 -100 -100 -100 
-100 -100 -100 -100 -100 -34 -100 -100 -100 -100 
-100 -100 -100 -100 -100 -34 -100 -100 -100 -100 
-100 -100 -100 -100 -100 -55 -100 -100 -100 -100 
-100 -100 -100 -100 -100 -34 -100 -100 -100 -100 
-100 -100 -100 -100 -100 -100 -100 -100 -100 -100 
-100 -100 -100 -100 -100 -39 -100 -100 -100 -100 
-100 -100 -100 -100 -100 -38 -100 -100 -100 -100 
-100 -100 -100 -100 -100 -40 -100 -100 -100 -100 
-100 -100 -100 -100 -100 -34 -100 -100 -100 -100 
-100 -100 -100 -100 -100 -32 -100 -100 -100 -100 
-100 -100 -100 -100 -100 -34 -100 -100 -100 -100 
-100 -100 -100 -100 -100 -34 -100 -100 -100 -100 
-100 -100 -100 -100 -100 -34 -100 -100 -100 -100 
-100 -100 -100 -100 -100 -34 -100 -100 -100 -100 
