-100 -100 -100 -100 -100 -31 -100 -100 -100 -100 
-100 -100 -100 -100 -100 -31 -100 -100 -100 -100 
-100 -100 -100 -100 -100 -100 -100 -100 -100 -100 
-100 -100 -100 -100 -100 -31 -100 -100 -100 -100 
-100 -100 -100 -100 -100 -38 -100 -100 -100 -100 
-100 -100 -100 -100 -100 -11 -100 -100 -100 -100 
-100 -100 -100 -100 -100 -100 -100 -100 -100 -100 
-100 -100 -100 -100 -100 -100 -100 -100 -100 -100 
-100 -100 -100 -100 -100 -100 -100 -100 -100 -100 
-100 -100 -100 -100 -100 -100 -100 -100 -100 -100 
-100 -100 -100 -100 -100 -25 -100 -100 -100 -100 
-100 -100 -100 -100 -100 -100 -100 -100 -100 -100 
-100 -100 -100 -100 -100 -37 -100 -100 -100 -100 
-100 -100 -100 -100 -100 -100 -100 -100 -100 -100 
-100 -100 -100 -100 -100 -31 -100 -100 -100 -100 
-100 -100 -100 -100 -100 -100 -100 -100 -100 -100 
-100 -100 -100 -100 -100 -11 -100 -100 -100 -100 
-100 -100 -100 -100 -100 -31 -100 -100 -100 -100 
-100 -100 -100 -100 -100 -28 -100 -100 -100 -100 
-100 -100 -100 -100 -100 -34 -100 -100 -100 -100 
-100 -100 -100 -100 -100 -34 -100 -100 -100 -100 
-100 -100 -100 -100 -100 -38 -100 -100 -100 -100 
-100 -100 -100 -100 -100 -37 -100 -100 -100 -100 
-100 -100 -100 -100 -100 -38 -100 -100 -100 -100 
-100 -100 -100 -100 -100 -100 -100 -100 -100 -100 
-100 -100 -100 -100 -100 -100 -100 -100 -100 -100 
-100 -100 -100 -100 -100 -100 -100 -100 -100 -100 
-100 -100 -100 -100 -100 -31 -100 -100 -100 -100 
-100 -100 -100 -100 -100 -100 -100 -100 -100 -100 
-100 -100 -100 -100 -100 -41 -100 -100 -100 -100 
-100 -100 -100 -100 -100 -31 -100 -100 -100 -100 
-100 -100 -100 -100 -100 -38 -100 -100 -100 -100 
-100 -100 -100 -100 -100 -100 -100 -100 -100 -100 
-100 -100 -100 -100 -100 -100 -100 -100 -100 -100 
-100 -100 -100 -100 -100 -31 -100 -100 -100 -100 
-100 -100 -100 -100 -100 -100 -100 -100 -100 -100 
-100 -100 -100 -100 -100 -31 -100 -100 -100 -100 
-100 -100 -100 -100 -100 -100 -100 -100 -100 -100 
-100 -100 -100 -100 -100 -37 -100 -100 -100 -100 
-100 -100 -100 -100 -100 -37 -100 -100 -100 -100 
-100 -100 -100 -100 -100 -11 -100 -100 -100 -100 
-100 -100 -100 -100 -100 -100 -100 -100 -100 -100 
-100 -100 -100 -100 -100 -37 -100 -100 -100 -100 
-100 -100 -100 -100 -100 -34 -100 -100 -100 -100 
-100 -100 -100 -100 -100 -31 -100 -100 -100 -100 
-100 -100 -100 -100 -100 -100 -100 -100 -100 -100 
-100 -100 -100 -100 -100 -34 -100 -100 -100 -100 
-100 -100 -100 -100 -100 -37 -100 -100 -100 -100 
-100 -100 -100 -100 -100 -100 -100 -100 -100 -100 
-100 -100 -100 -100 -100 -31 -100 -100 -100 -100 
-100 -100 -100 -100 -100 -100 -100 -100 -100 -100 
