-100 -100 -100 -100 -100 -100 -100 -100 -34 -100 
-100 -100 -100 -100 -100 -100 -100 -100 -34 -100 
-100 -100 -100 -100 -100 -100 -100 -100 -100 -100 
-100 -100 -100 -100 -100 -100 -100 -100 -100 -100 
-100 -100 -100 -100 -100 -100 -100 -100 -42 -100 
-100 -100 -100 -100 -100 -100 -100 -100 -34 -100 
-100 -100 -100 -100 -100 -100 -100 -100 -100 -100 
-100 -100 -100 -100 -100 -100 -100 -100 -100 -100 
-100 -100 -100 -100 -100 -100 -100 -100 -44 -100 
-100 -100 -100 -100 -100 -100 -100 -100 -43 -100 
-100 -100 -100 -100 -100 -100 -100 -100 -100 -100 
-100 -100 -100 -100 -100 -100 -100 -100 -43 -100 
-100 -100 -100 -100 -100 -100 -100 -100 -43 -100 
-100 -100 -100 -100 -100 -100 -100 -100 -14 -100 
-100 -100 -100 -100 -100 -100 -100 -100 -26 -100 
-100 -100 -100 -100 -100 -100 -100 -100 -34 -100 
-100 -100 -100 -100 -100 -100 -100 -100 -38 -100 
-100 -100 -100 -100 -100 -100 -100 -100 -31 -100 
-100 -100 -100 -100 -100 -100 -100 -100 -39 -100 
-100 -100 -100 -100 -100 -100 -100 -100 -31 -100 
-100 -100 -100 -100 -100 -100 -100 -100 -100 -100 
-100 -100 -100 -100 -100 -100 -100 -100 -100 -100 
-100 -100 -100 -100 -100 -100 -100 -100 -34 -100 
-100 -100 -100 -100 -100 -100 -100 -100 -34 -100 
-100 -100 -100 -100 -100 -100 -100 -100 -100 -100 
-100 -100 -100 -100 -100 -100 -100 -100 -38 -100 
-100 -100 -100 -100 -100 -100 -100 -100 -41 -100 
-100 -100 -100 -100 -100 -100 -100 -100 -34 -100 
-100 -100 -100 -100 -100 -100 -100 -100 -34 -100 
-100 -100 -100 -100 -100 -100 -100 -100 -43 -100 
-100 -100 -100 -100 -100 -100 -100 -100 -39 -100 
-100 -100 -100 -100 -100 -100 -100 -100 -40 -100 
-100 -100 -100 -100 -100 -100 -100 -100 -100 -100 
-100 -100 -100 -100 -100 -100 -100 -100 -34 -100 
-100 -100 -100 -100 -100 -100 -100 -100 -34 -100 
-100 -100 -100 -100 -100 -100 -100 -100 -38 -100 
-100 -100 -100 -100 -100 -100 -100 -100 -40 -100 
-100 -100 -100 -100 -100 -100 -100 -100 -31 -100 
-100 -100 -100 -100 -100 -100 -100 -100 -39 -100 
-100 -100 -100 -100 -100 -100 -100 -100 -43 -100 
-100 -100 -100 -100 -100 -100 -100 -100 -34 -100 
-100 -100 -100 -100 -100 -100 -100 -100 -100 -100 
-100 -100 -100 -100 -100 -100 -100 -100 -44 -100 
-100 -100 -100 -100 -100 -100 -100 -100 -43 -100 
-100 -100 -100 -100 -100 -100 -100 -100 -31 -100 
-100 -100 -100 -100 -100 -100 -100 -100 -100 -100 
-100 -100 -100 -100 -100 -100 -100 -100 -31 -100 
-100 -100 -100 -100 -100 -100 -100 -100 -44 -100 
-100 -100 -100 -100 -100 -100 -100 -100 -45 -100 
-100 -100 -100 -100 -100 -100 -100 -100 -100 -100 
-100 -100 -100 -100 -100 -100 -100 -100 -100 -100 
-100 -100 -100 -100 -100 -100 -100 -100 -44 -100 
-100 -100 -100 -100 -100 -100 -100 -100 -43 -100 
-100 -100 -100 -100 -100 -100 -100 -100 -43 -100 
-100 -100 -100 -100 -100 -100 -100 -100 -34 -100 
-100 -100 -100 -100 -100 -100 -100 -100 -42 -100 
