-100 -100 -100 -100 -100 -100 -100 -100 -44 -100 
-100 -100 -100 -100 -100 -100 -100 -100 -31 -100 
-100 -100 -100 -100 -100 -100 -100 -100 -34 -100 
-100 -100 -100 -100 -100 -100 -100 -100 -48 -100 
-100 -100 -100 -100 -100 -100 -100 -100 -42 -100 
-100 -100 -100 -100 -100 -100 -100 -100 -45 -100 
-100 -100 -100 -100 -100 -100 -100 -100 -100 -100 
-100 -100 -100 -100 -100 -100 -100 -100 -46 -100 
-100 -100 -100 -100 -100 -100 -100 -100 -100 -100 
-100 -100 -100 -100 -100 -100 -100 -100 -31 -100 
-100 -100 -100 -100 -100 -100 -100 -100 -50 -100 
-100 -100 -100 -100 -100 -100 -100 -100 -39 -100 
-100 -100 -100 -100 -100 -100 -100 -100 -34 -100 
-100 -100 -100 -100 -100 -100 -100 -100 -43 -100 
-100 -100 -100 -100 -100 -100 -100 -100 -47 -100 
-100 -100 -100 -100 -100 -100 -100 -100 -34 -100 
-100 -100 -100 -100 -100 -100 -100 -100 -34 -100 
-100 -100 -100 -100 -100 -100 -100 -100 -48 -100 
-100 -100 -100 -100 -100 -100 -100 -100 -100 -100 
-100 -100 -100 -100 -100 -100 -100 -100 -34 -100 
-100 -100 -100 -100 -100 -100 -100 -100 -100 -100 
-100 -100 -100 -100 -100 -100 -100 -100 -31 -100 
-100 -100 -100 -100 -100 -100 -100 -100 -100 -100 
-100 -100 -100 -100 -100 -100 -100 -100 -24 -100 
-100 -100 -100 -100 -100 -100 -100 -100 -34 -100 
-100 -100 -100 -100 -100 -100 -100 -100 -42 -100 
-100 -100 -100 -100 -100 -100 -100 -100 -45 -100 
-100 -100 -100 -100 -100 -100 -100 -100 -100 -100 
-100 -100 -100 -100 -100 -100 -100 -100 -100 -100 
-100 -100 -100 -100 -100 -100 -100 -100 -34 -100 
-100 -100 -100 -100 -100 -100 -100 -100 -34 -100 
-100 -100 -100 -100 -100 -100 -100 -100 -43 -100 
-100 -100 -100 -100 -100 -100 -100 -100 -44 -100 
-100 -100 -100 -100 -100 -100 -100 -100 -100 -100 
-100 -100 -100 -100 -100 -100 -100 -100 -46 -100 
-100 -100 -100 -100 -100 -100 -100 -100 -45 -100 
-100 -100 -100 -100 -100 -100 -100 -100 -44 -100 
-100 -100 -100 -100 -100 -100 -100 -100 -43 -100 
-100 -100 -100 -100 -100 -100 -100 -100 -31 -100 
-100 -100 -100 -100 -100 -100 -100 -100 -34 -100 
-100 -100 -100 -100 -100 -100 -100 -100 -31 -100 
-100 -100 -100 -100 -100 -100 -100 -100 -100 -100 
-100 -100 -100 -100 -100 -100 -100 -100 -31 -100 
-100 -100 -100 -100 -100 -100 -100 -100 -34 -100 
-100 -100 -100 -100 -100 -100 -100 -100 -31 -100 
-100 -100 -100 -100 -100 -100 -100 -100 -34 -100 
-100 -100 -100 -100 -100 -100 -100 -100 -30 -100 
-100 -100 -100 -100 -100 -100 -100 -100 -100 -100 
-100 -100 -100 -100 -100 -100 -100 -100 -31 -100 
-100 -100 -100 -100 -100 -100 -100 -100 -42 -100 
-100 -100 -100 -100 -100 -100 -100 -100 -27 -100 
